POLYCOUNT: 566

1 1
-5 5 15 0 1 0.5 0.5 0.5
-5 5 10 1 1 0.75 0.75 0.75
0 0 10 1 0 0.75 0.75 0.75

1 1
0 0 10 1 0 0.75 0.75 0.75
0 0 15 0 0 0.5 0.5 0.5
-5 5 15 0 1 0.5 0.5 0.5

1 1
-5 5 10 0 1 0.75 0.75 0.75
-5 5 5 1 1 0.75 0.75 0.75
0 0 5 1 0 0.75 0.75 0.75

1 1
0 0 5 1 0 0.75 0.75 0.75
0 0 10 0 0 0.75 0.75 0.75
-5 5 10 0 1 0.75 0.75 0.75

1 1
-5 5 5 0 1 0.75 0.75 0.75
-5 5 0 1 1 0.5 0.5 0.5
0 0 0 1 0 0.5 0.5 0.5

1 1
0 0 0 1 0 0.5 0.5 0.5
0 0 5 0 0 0.75 0.75 0.75
-5 5 5 0 1 0.75 0.75 0.75

1 1
15 5 5 0 1 0.75 0.75 0.75
15 5 10 1 1 0.75 0.75 0.75
10 0 10 1 0 0.75 0.75 0.75

1 1
10 0 10 1 0 0.75 0.75 0.75
10 0 5 0 0 0.75 0.75 0.75
15 5 5 0 1 0.75 0.75 0.75

1 1
15 5 10 0 1 0.75 0.75 0.75
15 5 15 1 1 0.5 0.5 0.5
10 0 15 1 0 0.5 0.5 0.5

1 1
10 0 15 1 0 0.5 0.5 0.5
10 0 10 0 0 0.75 0.75 0.75
15 5 10 0 1 0.75 0.75 0.75

1 1
15 5 0 0 1 0.5 0.5 0.5
15 5 5 1 1 0.75 0.75 0.75
10 0 5 1 0 0.75 0.75 0.75

1 1
10 0 5 1 0 0.75 0.75 0.75
10 0 0 0 0 0.5 0.5 0.5
15 5 0 0 1 0.5 0.5 0.5

1 1
15 5 15 0 1 0.5 0.5 0.5
15 5 25 2 1 0.5 0.5 0.5
10 0 25 2 0 0.5 0.5 0.5

1 1
10 0 25 2 0 0.5 0.5 0.5
10 0 15 0 0 0.5 0.5 0.5
15 5 15 0 1 0.5 0.5 0.5

0 1
0 0 15 0 2 0.5 0.5 0.5
10 0 15 2 2 0.5 0.5 0.5
10 0 25 2 0 0.5 0.5 0.5

0 1
10 0 25 2 0 0.5 0.5 0.5
0 0 25 0 0 0.5 0.5 0.5
0 0 15 0 2 0.5 0.5 0.5

1 1
-5 5 25 0 1 0.5 0.5 0.5
-5 5 15 2 1 0.5 0.5 0.5
0 0 15 2 0 0.5 0.5 0.5

1 1
0 0 15 2 0 0.5 0.5 0.5
0 0 25 0 0 0.5 0.5 0.5
-5 5 25 0 1 0.5 0.5 0.5

99 1
-1.7 2.2 9 0 1 1 1 0.75
-1.7 2.2 6 1 1 1 1 0.75
-0.8 1.3 6 1 0 1 1 0.75

99 1
-0.8 1.3 6 1 0 1 1 0.75
-0.8 1.3 9 0 0 1 1 0.75
-1.7 2.2 9 0 1 1 1 0.75

1 1
-5 5 0 0 1 0.5 0.5 0.5
-5 5 -10 2 1 0.5 0.5 0.5
0 0 -10 2 0 0.5 0.5 0.5

1 1
0 0 -10 2 0 0.5 0.5 0.5
0 0 0 0 0 0.5 0.5 0.5
-5 5 0 0 1 0.5 0.5 0.5

1 1
15 5 -10 0 1 0.5 0.5 0.5
15 5 0 2 1 0.5 0.5 0.5
10 0 0 2 0 0.5 0.5 0.5

1 1
10 0 0 2 0 0.5 0.5 0.5
10 0 -10 0 0 0.5 0.5 0.5
15 5 -10 0 1 0.5 0.5 0.5

0 1
-5 0 -20 0 2 0.25 0.25 0.25
0 0 -20 1 2 0.5 0.5 0.5
0 0 -10 1 0 0.5 0.5 0.5

0 1
0 0 -10 1 0 0.5 0.5 0.5
-5 0 -10 0 0 0.25 0.25 0.25
-5 0 -20 0 2 0.25 0.25 0.25

0 1
10 0 -20 0 2 0.5 0.5 0.5
15 0 -20 1 2 0.25 0.25 0.25
15 0 -10 1 0 0.25 0.25 0.25

0 1
15 0 -10 1 0 0.25 0.25 0.25
10 0 -10 0 0 0.5 0.5 0.5
10 0 -20 0 2 0.5 0.5 0.5

99 1
11.7 2.2 9 0 1 1 1 0.75
11.7 2.2 6 1 1 1 1 0.75
10.8 1.3 6 1 0 1 1 0.75

99 1
10.8 1.3 6 1 0 1 1 0.75
10.8 1.3 9 0 0 1 1 0.75
11.7 2.2 9 0 1 1 1 0.75

2 1
-5 10 -10 0 1 0.5 0.5 0.5
-5 10 25 7 1 0.5 0.5 0.5
-5 5 25 7 0 0.5 0.5 0.5

2 1
-5 5 25 7 0 0.5 0.5 0.5
-5 5 -10 0 0 0.5 0.5 0.5
-5 10 -10 0 1 0.5 0.5 0.5

2 1
15 10 0 0 1 0.5 0.5 0.5
15 10 25 5 1 0.5 0.5 0.5
15 5 25 5 0 0.5 0.5 0.5

2 1
15 5 25 5 0 0.5 0.5 0.5
15 5 0 0 0 0.5 0.5 0.5
15 10 0 0 1 0.5 0.5 0.5

1 1
-5 5 -20 0 1 0.25 0.25 0.25
0 0 -20 0.5 0 0.25 0.25 0.25
-5 0 -20 0 0 0.25 0.25 0.25

1 1
0 0 0 0 0 0.25 0.25 0.25
0 0 0 0 0 0.25 0.25 0.25
-5 5 -20 0 1 0.25 0.25 0.25

1 1
10 0 -20 0 0 0.25 0.25 0.25
15 5 -20 0.5 1 0.25 0.25 0.25
15 0 -20 0.5 0 0.25 0.25 0.25

1 1
0 0 0 0.5 0 0.25 0.25 0.25
0 0 0 0.5 0 0.25 0.25 0.25
10 0 -20 0 0 0.25 0.25 0.25

1 1
-5 5 -20 0 1 0.5 0.5 0.5
-5 5 -30 2 1 0.5 0.5 0.5
0 0 -30 2 0 0.5 0.5 0.5

1 1
0 0 -30 2 0 0.5 0.5 0.5
0 0 -20 0 0 0.5 0.5 0.5
-5 5 -20 0 1 0.5 0.5 0.5

1 1
-5 5 -30 0 1 0.5 0.5 0.5
-5 5 -35 1 1 0.75 0.75 0.75
0 0 -35 1 0 0.75 0.75 0.75

1 1
0 0 -35 1 0 0.75 0.75 0.75
0 0 -30 0 0 0.5 0.5 0.5
-5 5 -30 0 1 0.5 0.5 0.5

1 1
-5 5 -35 0 1 0.75 0.75 0.75
-5 5 -40 1 1 0.75 0.75 0.75
0 0 -40 1 0 0.75 0.75 0.75

1 1
0 0 -40 1 0 0.75 0.75 0.75
0 0 -35 0 0 0.75 0.75 0.75
-5 5 -35 0 1 0.75 0.75 0.75

1 1
-5 5 -40 0 1 0.75 0.75 0.75
-5 5 -45 1 1 0.5 0.5 0.5
0 0 -45 1 0 0.5 0.5 0.5

1 1
0 0 -45 1 0 0.5 0.5 0.5
0 0 -40 0 0 0.75 0.75 0.75
-5 5 -40 0 1 0.75 0.75 0.75

1 1
-5 5 -45 0 1 0.5 0.5 0.5
-5 5 -55 2 1 0.5 0.5 0.5
0 0 -55 2 0 0.5 0.5 0.5

1 1
0 0 -55 2 0 0.5 0.5 0.5
0 0 -45 0 0 0.5 0.5 0.5
-5 5 -45 0 1 0.5 0.5 0.5

1 1
-5 5 -55 0 1 0.5 0.5 0.5
-5 5 -60 1 1 0.75 0.75 0.75
0 0 -60 1 0 0.75 0.75 0.75

1 1
0 0 -60 1 0 0.75 0.75 0.75
0 0 -55 0 0 0.5 0.5 0.5
-5 5 -55 0 1 0.5 0.5 0.5

1 1
-5 5 -60 0 1 0.75 0.75 0.75
-5 5 -65 1 1 0.75 0.75 0.75
0 0 -65 1 0 0.75 0.75 0.75

1 1
0 0 -65 1 0 0.75 0.75 0.75
0 0 -60 0 0 0.75 0.75 0.75
-5 5 -60 0 1 0.75 0.75 0.75

1 1
-5 5 -65 0 1 0.75 0.75 0.75
-5 5 -70 1 1 0.5 0.5 0.5
0 0 -70 1 0 0.5 0.5 0.5

1 1
0 0 -70 1 0 0.5 0.5 0.5
0 0 -65 0 0 0.75 0.75 0.75
-5 5 -65 0 1 0.75 0.75 0.75

1 1
-5 5 -70 0 1 0.5 0.5 0.5
-5 5 -80 2 1 0.5 0.5 0.5
0 0 -80 2 0 0.5 0.5 0.5

1 1
0 0 -80 2 0 0.5 0.5 0.5
0 0 -70 0 0 0.5 0.5 0.5
-5 5 -70 0 1 0.5 0.5 0.5

2 1
-5 10 -20 0 1 0.5 0.5 0.5
-5 10 -35 3 1 0.5 0.5 0.5
-5 5 -35 3 0 0.5 0.5 0.5

2 1
-5 5 -35 3 0 0.5 0.5 0.5
-5 5 -20 0 0 0.5 0.5 0.5
-5 10 -20 0 1 0.5 0.5 0.5

2 1
-5 10 -65 0 1 0.5 0.5 0.5
-5 10 -80 3 1 0.5 0.5 0.5
-5 5 -80 3 0 0.5 0.5 0.5

2 1
-5 5 -80 3 0 0.5 0.5 0.5
-5 5 -65 0 0 0.5 0.5 0.5
-5 10 -65 0 1 0.5 0.5 0.5

2 1
-5 6 -35 0 0.2 0.5 0.5 0.5
-5 6 -65 6 0.2 0.5 0.5 0.5
-5 5 -65 6 0 0.5 0.5 0.5

2 1
-5 5 -65 6 0 0.5 0.5 0.5
-5 5 -35 0 0 0.5 0.5 0.5
-5 6 -35 0 0.2 0.5 0.5 0.5

2 1
-5 10 -35 0 1 0.5 0.5 0.5
-5 10 -65 6 1 0.5 0.5 0.5
-5 9 -65 6 0.8 0.5 0.5 0.5

2 1
-5 9 -65 6 0.8 0.5 0.5 0.5
-5 9 -35 0 0.8 0.5 0.5 0.5
-5 10 -35 0 1 0.5 0.5 0.5

4 1
-6 9 -65 0 1 0.5 0.5 0.5
-5 9 -65 1 1 0.5 0.5 0.5
-5 6 -65 1 0 0.5 0.5 0.5

4 1
-5 6 -65 1 0 0.5 0.5 0.5
-6 6 -65 0 0 0.5 0.5 0.5
-6 9 -65 0 1 0.5 0.5 0.5

4 1
-6 6 -35 0 1 0.35 0.35 0.35
-6 6 -65 6 1 0.35 0.35 0.35
-5 6 -65 6 0 0.35 0.35 0.35

4 1
-5 6 -65 6 0 0.35 0.35 0.35
-5 6 -35 0 0 0.35 0.35 0.35
-6 6 -35 0 1 0.35 0.35 0.35

4 1
-6 9 -35 0 1 0.5 0.5 0.5
-6 9 -65 6 1 0.5 0.5 0.5
-5 9 -65 6 0 0.5 0.5 0.5

4 1
-5 9 -65 6 0 0.5 0.5 0.5
-5 9 -35 0 0 0.5 0.5 0.5
-6 9 -35 0 1 0.5 0.5 0.5

0 1
0 0 -40 0 1 0.75 0.75 0.75
10 0 -40 2 1 0.75 0.75 0.75
10 0 -35 2 0 0.75 0.75 0.75

0 1
10 0 -35 2 0 0.75 0.75 0.75
0 0 -35 0 0 0.75 0.75 0.75
0 0 -40 0 1 0.75 0.75 0.75

0 1
0 0 -35 0 1 0.75 0.75 0.75
10 0 -35 2 1 0.75 0.75 0.75
10 0 -30 2 0 0.5 0.5 0.5

0 1
10 0 -30 2 0 0.5 0.5 0.5
0 0 -30 0 0 0.5 0.5 0.5
0 0 -35 0 1 0.75 0.75 0.75

0 1
0 0 -30 0 6 0.5 0.5 0.5
10 0 -30 2 6 0.5 0.5 0.5
10 0 0 2 0 0.5 0.5 0.5

0 1
10 0 0 2 0 0.5 0.5 0.5
0 0 0 0 0 0.5 0.5 0.5
0 0 -30 0 6 0.5 0.5 0.5

0 1
0 0 0 0 1 0.5 0.5 0.5
10 0 0 2 1 0.5 0.5 0.5
10 0 5 2 0 0.75 0.75 0.75

0 1
10 0 5 2 0 0.75 0.75 0.75
0 0 5 0 0 0.75 0.75 0.75
0 0 0 0 1 0.5 0.5 0.5

0 1
0 0 10 0 1 0.75 0.75 0.75
10 0 10 2 1 0.75 0.75 0.75
10 0 15 2 0 0.5 0.5 0.5

0 1
10 0 15 2 0 0.5 0.5 0.5
0 0 15 0 0 0.5 0.5 0.5
0 0 10 0 1 0.75 0.75 0.75

0 1
0 0 5 0 1 0.75 0.75 0.75
10 0 5 2 1 0.75 0.75 0.75
10 0 10 2 0 0.75 0.75 0.75

0 1
10 0 10 2 0 0.75 0.75 0.75
0 0 10 0 0 0.75 0.75 0.75
0 0 5 0 1 0.75 0.75 0.75

0 1
0 0 -45 0 1 0.5 0.5 0.5
10 0 -45 2 1 0.5 0.5 0.5
10 0 -40 2 0 0.75 0.75 0.75

0 1
10 0 -40 2 0 0.75 0.75 0.75
0 0 -40 0 0 0.75 0.75 0.75
0 0 -45 0 1 0.5 0.5 0.5

0 1
0 0 -55 0 2 0.5 0.5 0.5
10 0 -55 2 2 0.5 0.5 0.5
10 0 -45 2 0 0.5 0.5 0.5

0 1
10 0 -45 2 0 0.5 0.5 0.5
0 0 -45 0 0 0.5 0.5 0.5
0 0 -55 0 2 0.5 0.5 0.5

0 1
0 0 -60 0 1 0.75 0.75 0.75
10 0 -60 2 1 0.75 0.75 0.75
10 0 -55 2 0 0.5 0.5 0.5

0 1
10 0 -55 2 0 0.5 0.5 0.5
0 0 -55 0 0 0.5 0.5 0.5
0 0 -60 0 1 0.75 0.75 0.75

0 1
0 0 -70 0 1 0.5 0.5 0.5
10 0 -70 2 1 0.5 0.5 0.5
10 0 -65 2 0 0.75 0.75 0.75

0 1
10 0 -65 2 0 0.75 0.75 0.75
0 0 -65 0 0 0.75 0.75 0.75
0 0 -70 0 1 0.5 0.5 0.5

0 1
0 0 -65 0 1 0.75 0.75 0.75
10 0 -65 2 1 0.75 0.75 0.75
10 0 -60 2 0 0.75 0.75 0.75

0 1
10 0 -60 2 0 0.75 0.75 0.75
0 0 -60 0 0 0.75 0.75 0.75
0 0 -65 0 1 0.75 0.75 0.75

0 1
-5 0 -90 0 2 0.25 0.25 0.25
0 0 -90 1 2 0.5 0.5 0.5
0 0 -80 1 0 0.5 0.5 0.5

0 1
0 0 -80 1 0 0.5 0.5 0.5
-5 0 -80 0 0 0.25 0.25 0.25
-5 0 -90 0 2 0.25 0.25 0.25

0 1
10 0 -90 0 2 0.5 0.5 0.5
15 0 -90 1 2 0.25 0.25 0.25
15 0 -80 1 0 0.25 0.25 0.25

0 1
15 0 -80 1 0 0.25 0.25 0.25
10 0 -80 0 0 0.5 0.5 0.5
10 0 -90 0 2 0.5 0.5 0.5

4 1
15 9 -65 0 1 0.5 0.5 0.5
16 9 -65 1 1 0.5 0.5 0.5
16 6 -65 1 0 0.5 0.5 0.5

4 1
16 6 -65 1 0 0.5 0.5 0.5
15 6 -65 0 0 0.5 0.5 0.5
15 9 -65 0 1 0.5 0.5 0.5

4 1
16 9 -65 0 1 0.5 0.5 0.5
16 9 -35 7 1 0.5 0.5 0.5
15 9 -35 7 0 0.5 0.5 0.5

4 1
15 9 -35 7 0 0.5 0.5 0.5
15 9 -65 0 0 0.5 0.5 0.5
16 9 -65 0 1 0.5 0.5 0.5

4 1
16 6 -65 0 1 0.35 0.35 0.35
16 6 -35 7 1 0.35 0.35 0.35
15 6 -35 7 0 0.35 0.35 0.35

4 1
15 6 -35 7 0 0.35 0.35 0.35
15 6 -65 0 0 0.35 0.35 0.35
16 6 -65 0 1 0.35 0.35 0.35

1 1
15 5 -40 0 1 0.75 0.75 0.75
15 5 -35 1 1 0.75 0.75 0.75
10 0 -35 1 0 0.75 0.75 0.75

1 1
10 0 -35 1 0 0.75 0.75 0.75
10 0 -40 0 0 0.75 0.75 0.75
15 5 -40 0 1 0.75 0.75 0.75

1 1
15 5 -35 0 1 0.75 0.75 0.75
15 5 -30 1 1 0.5 0.5 0.5
10 0 -30 1 0 0.5 0.5 0.5

1 1
10 0 -30 1 0 0.5 0.5 0.5
10 0 -35 0 0 0.75 0.75 0.75
15 5 -35 0 1 0.75 0.75 0.75

1 1
15 5 -45 0 1 0.5 0.5 0.5
15 5 -40 1 1 0.75 0.75 0.75
10 0 -40 1 0 0.75 0.75 0.75

1 1
10 0 -40 1 0 0.75 0.75 0.75
10 0 -45 0 0 0.5 0.5 0.5
15 5 -45 0 1 0.5 0.5 0.5

1 1
15 5 -30 0 1 0.5 0.5 0.5
15 5 -20 2 1 0.5 0.5 0.5
10 0 -20 2 0 0.5 0.5 0.5

1 1
10 0 -20 2 0 0.5 0.5 0.5
10 0 -30 0 0 0.5 0.5 0.5
15 5 -30 0 1 0.5 0.5 0.5

1 1
15 5 -55 0 1 0.5 0.5 0.5
15 5 -45 2 1 0.5 0.5 0.5
10 0 -45 2 0 0.5 0.5 0.5

1 1
10 0 -45 2 0 0.5 0.5 0.5
10 0 -55 0 0 0.5 0.5 0.5
15 5 -55 0 1 0.5 0.5 0.5

1 1
15 5 -65 0 1 0.75 0.75 0.75
15 5 -60 1 1 0.75 0.75 0.75
10 0 -60 1 0 0.75 0.75 0.75

1 1
10 0 -60 1 0 0.75 0.75 0.75
10 0 -65 0 0 0.75 0.75 0.75
15 5 -65 0 1 0.75 0.75 0.75

1 1
15 5 -60 0 1 0.75 0.75 0.75
15 5 -55 1 1 0.5 0.5 0.5
10 0 -55 1 0 0.5 0.5 0.5

1 1
10 0 -55 1 0 0.5 0.5 0.5
10 0 -60 0 0 0.75 0.75 0.75
15 5 -60 0 1 0.75 0.75 0.75

1 1
15 5 -70 0 1 0.5 0.5 0.5
15 5 -65 1 1 0.75 0.75 0.75
10 0 -65 1 0 0.75 0.75 0.75

1 1
10 0 -65 1 0 0.75 0.75 0.75
10 0 -70 0 0 0.5 0.5 0.5
15 5 -70 0 1 0.5 0.5 0.5

1 1
15 5 -80 0 1 0.5 0.5 0.5
15 5 -70 2 1 0.5 0.5 0.5
10 0 -70 2 0 0.5 0.5 0.5

1 1
10 0 -70 2 0 0.5 0.5 0.5
10 0 -80 0 0 0.5 0.5 0.5
15 5 -80 0 1 0.5 0.5 0.5

2 1
15 10 -20 0 1 0.5 0.5 0.5
15 10 -35 3 1 0.5 0.5 0.5
15 5 -35 3 0 0.5 0.5 0.5

2 1
15 5 -35 3 0 0.5 0.5 0.5
15 5 -20 0 0 0.5 0.5 0.5
15 10 -20 0 1 0.5 0.5 0.5

2 1
15 10 -65 0 1 0.5 0.5 0.5
15 10 -80 3 1 0.5 0.5 0.5
15 5 -80 3 0 0.5 0.5 0.5

2 1
15 5 -80 3 0 0.5 0.5 0.5
15 5 -65 0 0 0.5 0.5 0.5
15 10 -65 0 1 0.5 0.5 0.5

2 1
15 6 -65 0 0.2 0.5 0.5 0.5
15 6 -35 6 0.2 0.5 0.5 0.5
15 5 -35 6 0 0.5 0.5 0.5

2 1
15 5 -35 6 0 0.5 0.5 0.5
15 5 -65 0 0 0.5 0.5 0.5
15 6 -65 0 0.2 0.5 0.5 0.5

2 1
15 10 -65 0 1 0.5 0.5 0.5
15 10 -35 6 1 0.5 0.5 0.5
15 9 -35 6 0.8 0.5 0.5 0.5

2 1
15 9 -35 6 0.8 0.5 0.5 0.5
15 9 -65 0 0.8 0.5 0.5 0.5
15 10 -65 0 1 0.5 0.5 0.5

99 1
-1.7 1.7 -36 0 1 0.25 0.25 0.25
-1.7 2.2 -36 1 1 0.25 0.25 0.25
-0.8 1.3 -36 1 0 0.25 0.25 0.25

99 1
-0.8 1.3 -36 1 0 0.25 0.25 0.25
-1.3 1.3 -36 0 0 0.25 0.25 0.25
-1.7 1.7 -36 0 1 0.25 0.25 0.25

99 1
-1.7 2.2 -36 0 1 1 1 0.85
-0.8 1.3 -36 1 1 1 1 0.85
-0.8 1.3 -39 1 0 1 1 0.85

99 1
-0.8 1.3 -39 1 0 1 1 0.85
-1.7 2.2 -39 0 0 1 1 0.85
-1.7 2.2 -36 0 1 1 1 0.85

99 1
-1.7 1.7 -61 0 1 0.25 0.25 0.25
-1.7 2.2 -61 1 1 0.25 0.25 0.25
-0.8 1.3 -61 1 0 0.25 0.25 0.25

99 1
-0.8 1.3 -61 1 0 0.25 0.25 0.25
-1.3 1.3 -61 0 0 0.25 0.25 0.25
-1.7 1.7 -61 0 1 0.25 0.25 0.25

99 1
-1.7 2.2 -64 0 1 1 1 0.8
-0.8 1.3 -64 1 1 1 1 0.8
-0.8 1.3 -61 1 0 1 1 0.8

99 1
-0.8 1.3 -61 1 0 1 1 0.8
-1.7 2.2 -61 0 0 1 1 0.8
-1.7 2.2 -64 0 1 1 1 0.8

99 1
10.8 1.3 -61 0 1 0.25 0.25 0.25
11.3 1.3 -61 1 1 0.25 0.25 0.25
11.7 1.7 -61 1 0 0.25 0.25 0.25

99 1
11.7 1.7 -61 1 0 0.25 0.25 0.25
11.7 2.2 -61 0 0 0.25 0.25 0.25
10.8 1.3 -61 0 1 0.25 0.25 0.25

99 1
10.8 1.3 -36 0 1 0.25 0.25 0.25
11.3 1.3 -36 1 1 0.25 0.25 0.25
11.7 1.7 -36 1 0 0.25 0.25 0.25

99 1
11.7 1.7 -36 1 0 0.25 0.25 0.25
11.7 2.2 -36 0 0 0.25 0.25 0.25
10.8 1.3 -36 0 1 0.25 0.25 0.25

99 1
10.8 1.3 -36 0 1 1 1 0.8
11.7 2.2 -36 1 1 1 1 0.8
11.7 2.2 -39 1 0 1 1 0.8

99 1
11.7 2.2 -39 1 0 1 1 0.8
10.8 1.3 -39 0 0 1 1 0.8
10.8 1.3 -36 0 1 1 1 0.8

99 1
10.8 1.3 -61 0 1 1 1 0.8
11.7 2.2 -61 1 1 1 1 0.8
11.7 2.2 -64 1 0 1 1 0.8

99 1
11.7 2.2 -64 1 0 1 1 0.8
10.8 1.3 -64 0 0 1 1 0.8
10.8 1.3 -61 0 1 1 1 0.8

99 1
10.8 1.3 9 0 1 0.25 0.25 0.25
11.7 2.2 9 1 1 0.25 0.25 0.25
11.7 1.7 9 1 0 0.25 0.25 0.25

99 1
11.7 1.7 9 1 0 0.25 0.25 0.25
11.3 1.3 9 0 0 0.25 0.25 0.25
10.8 1.3 9 0 1 0.25 0.25 0.25

99 1
-1.7 2.2 9 0 1 0.25 0.25 0.25
-0.8 1.3 9 1 1 0.25 0.25 0.25
-1.3 1.3 9 1 0 0.25 0.25 0.25

99 1
-1.3 1.3 9 1 0 0.25 0.25 0.25
-1.7 1.7 9 0 0 0.25 0.25 0.25
-1.7 2.2 9 0 1 0.25 0.25 0.25

0 1
0 0 -105 0 1 0.75 0.75 0.75
10 0 -105 2 1 0.75 0.75 0.75
10 0 -100 2 0 0.5 0.5 0.5

0 1
10 0 -100 2 0 0.5 0.5 0.5
0 0 -100 0 0 0.5 0.5 0.5
0 0 -105 0 1 0.75 0.75 0.75

0 1
0 0 -110 0 1 0.75 0.75 0.75
10 0 -110 2 1 0.75 0.75 0.75
10 0 -105 2 0 0.75 0.75 0.75

0 1
10 0 -105 2 0 0.75 0.75 0.75
0 0 -105 0 0 0.75 0.75 0.75
0 0 -110 0 1 0.75 0.75 0.75

0 1
0 0 -115 0 1 0.5 0.5 0.5
10 0 -115 2 1 0.5 0.5 0.5
10 0 -110 2 0 0.75 0.75 0.75

0 1
10 0 -110 2 0 0.75 0.75 0.75
0 0 -110 0 0 0.75 0.75 0.75
0 0 -115 0 1 0.5 0.5 0.5

0 1
0 0 -150 0 1 0.75 0.75 0.75
10 0 -150 2 1 0.75 0.75 0.75
10 0 -145 2 0 0.5 0.5 0.5

0 1
10 0 -145 2 0 0.5 0.5 0.5
0 0 -145 0 0 0.5 0.5 0.5
0 0 -150 0 1 0.75 0.75 0.75

0 1
0 0 -155 0 1 0.75 0.75 0.75
10 0 -155 2 1 0.75 0.75 0.75
10 0 -150 2 0 0.75 0.75 0.75

0 1
10 0 -150 2 0 0.75 0.75 0.75
0 0 -150 0 0 0.75 0.75 0.75
0 0 -155 0 1 0.75 0.75 0.75

0 1
0 0 -160 0 1 0.5 0.5 0.5
10 0 -160 2 1 0.5 0.5 0.5
10 0 -155 2 0 0.75 0.75 0.75

0 1
10 0 -155 2 0 0.75 0.75 0.75
0 0 -155 0 0 0.75 0.75 0.75
0 0 -160 0 1 0.5 0.5 0.5

0 1
0 0 -195 0 1 0.75 0.75 0.75
10 0 -195 2 1 0.75 0.75 0.75
10 0 -190 2 0 0.5 0.5 0.5

0 1
10 0 -190 2 0 0.5 0.5 0.5
0 0 -190 0 0 0.5 0.5 0.5
0 0 -195 0 1 0.75 0.75 0.75

0 1
0 0 -200 0 1 0.75 0.75 0.75
10 0 -200 2 1 0.75 0.75 0.75
10 0 -195 2 0 0.75 0.75 0.75

0 1
10 0 -195 2 0 0.75 0.75 0.75
0 0 -195 0 0 0.75 0.75 0.75
0 0 -200 0 1 0.75 0.75 0.75

0 1
0 0 -205 0 1 0.5 0.5 0.5
10 0 -205 2 1 0.5 0.5 0.5
10 0 -200 2 0 0.75 0.75 0.75

0 1
10 0 -200 2 0 0.75 0.75 0.75
0 0 -200 0 0 0.75 0.75 0.75
0 0 -205 0 1 0.5 0.5 0.5

0 1
0 0 -225 0 4 0.5 0.5 0.5
10 0 -225 2 4 0.5 0.5 0.5
10 0 -205 2 0 0.5 0.5 0.5

0 1
10 0 -205 2 0 0.5 0.5 0.5
0 0 -205 0 0 0.5 0.5 0.5
0 0 -225 0 4 0.5 0.5 0.5

0 1
0 0 -190 0 6 0.5 0.5 0.5
10 0 -190 2 6 0.5 0.5 0.5
10 0 -160 2 0 0.5 0.5 0.5

0 1
10 0 -160 2 0 0.5 0.5 0.5
0 0 -160 0 0 0.5 0.5 0.5
0 0 -190 0 6 0.5 0.5 0.5

0 1
0 0 -145 0 6 0.5 0.5 0.5
10 0 -145 2 6 0.5 0.5 0.5
10 0 -115 2 0 0.5 0.5 0.5

0 1
10 0 -115 2 0 0.5 0.5 0.5
0 0 -115 0 0 0.5 0.5 0.5
0 0 -145 0 6 0.5 0.5 0.5

0 1
0 0 -100 0 6 0.5 0.5 0.5
10 0 -100 2 6 0.5 0.5 0.5
10 0 -70 2 0 0.5 0.5 0.5

0 1
10 0 -70 2 0 0.5 0.5 0.5
0 0 -70 0 0 0.5 0.5 0.5
0 0 -100 0 6 0.5 0.5 0.5

1 1
-5 5 -90 0 1 0.5 0.5 0.5
-5 5 -100 2 1 0.5 0.5 0.5
0 0 -100 2 0 0.5 0.5 0.5

1 1
0 0 -100 2 0 0.5 0.5 0.5
0 0 -90 0 0 0.5 0.5 0.5
-5 5 -90 0 1 0.5 0.5 0.5

1 1
-5 5 -100 0 1 0.5 0.5 0.5
-5 5 -105 1 1 0.75 0.75 0.75
0 0 -105 1 0 0.75 0.75 0.75

1 1
0 0 -105 1 0 0.75 0.75 0.75
0 0 -100 0 0 0.5 0.5 0.5
-5 5 -100 0 1 0.5 0.5 0.5

1 1
-5 5 -105 0 1 0.75 0.75 0.75
-5 5 -110 1 1 0.75 0.75 0.75
0 0 -110 1 0 0.75 0.75 0.75

1 1
0 0 -110 1 0 0.75 0.75 0.75
0 0 -105 0 0 0.75 0.75 0.75
-5 5 -105 0 1 0.75 0.75 0.75

1 1
-5 5 -110 0 1 0.75 0.75 0.75
-5 5 -115 1 1 0.5 0.5 0.5
0 0 -115 1 0 0.5 0.5 0.5

1 1
0 0 -115 1 0 0.5 0.5 0.5
0 0 -110 0 0 0.75 0.75 0.75
-5 5 -110 0 1 0.75 0.75 0.75

1 1
-5 5 -115 0 1 0.5 0.5 0.5
-5 5 -125 2 1 0.5 0.5 0.5
0 0 -125 2 0 0.5 0.5 0.5

1 1
0 0 -125 2 0 0.5 0.5 0.5
0 0 -115 0 0 0.5 0.5 0.5
-5 5 -115 0 1 0.5 0.5 0.5

1 1
-5 5 -135 0 1 0.5 0.5 0.5
-5 5 -145 2 1 0.5 0.5 0.5
0 0 -145 2 0 0.5 0.5 0.5

1 1
0 0 -145 2 0 0.5 0.5 0.5
0 0 -135 0 0 0.5 0.5 0.5
-5 5 -135 0 1 0.5 0.5 0.5

1 1
-5 5 -145 0 1 0.5 0.5 0.5
-5 5 -150 1 1 0.75 0.75 0.75
0 0 -150 1 0 0.75 0.75 0.75

1 1
0 0 -150 1 0 0.75 0.75 0.75
0 0 -145 0 0 0.5 0.5 0.5
-5 5 -145 0 1 0.5 0.5 0.5

1 1
-5 5 -150 0 1 0.75 0.75 0.75
-5 5 -155 1 1 0.75 0.75 0.75
0 0 -155 1 0 0.75 0.75 0.75

1 1
0 0 -155 1 0 0.75 0.75 0.75
0 0 -150 0 0 0.75 0.75 0.75
-5 5 -150 0 1 0.75 0.75 0.75

1 1
-5 5 -155 0 1 0.75 0.75 0.75
-5 5 -160 1 1 0.5 0.5 0.5
0 0 -160 1 0 0.5 0.5 0.5

1 1
0 0 -160 1 0 0.5 0.5 0.5
0 0 -155 0 0 0.75 0.75 0.75
-5 5 -155 0 1 0.75 0.75 0.75

1 1
-5 5 -160 0 1 0.5 0.5 0.5
-5 5 -170 2 1 0.5 0.5 0.5
0 0 -170 2 0 0.5 0.5 0.5

1 1
0 0 -170 2 0 0.5 0.5 0.5
0 0 -160 0 0 0.5 0.5 0.5
-5 5 -160 0 1 0.5 0.5 0.5

1 1
-5 5 -180 0 1 0.5 0.5 0.5
-5 5 -190 2 1 0.5 0.5 0.5
0 0 -190 2 0 0.5 0.5 0.5

1 1
0 0 -190 2 0 0.5 0.5 0.5
0 0 -180 0 0 0.5 0.5 0.5
-5 5 -180 0 1 0.5 0.5 0.5

1 1
-5 5 -190 0 1 0.5 0.5 0.5
-5 5 -195 1 1 0.75 0.75 0.75
0 0 -195 1 0 0.75 0.75 0.75

1 1
0 0 -195 1 0 0.75 0.75 0.75
0 0 -190 0 0 0.5 0.5 0.5
-5 5 -190 0 1 0.5 0.5 0.5

1 1
-5 5 -195 0 1 0.75 0.75 0.75
-5 5 -200 1 1 0.75 0.75 0.75
0 0 -200 1 0 0.75 0.75 0.75

1 1
0 0 -200 1 0 0.75 0.75 0.75
0 0 -195 0 0 0.75 0.75 0.75
-5 5 -195 0 1 0.75 0.75 0.75

1 1
-5 5 -200 0 1 0.75 0.75 0.75
-5 5 -205 1 1 0.5 0.5 0.5
0 0 -205 1 0 0.5 0.5 0.5

1 1
0 0 -205 1 0 0.5 0.5 0.5
0 0 -200 0 0 0.75 0.75 0.75
-5 5 -200 0 1 0.75 0.75 0.75

2 1
-5 10 -90 0 1 0.5 0.5 0.5
-5 10 -215 25 1 0.5 0.5 0.5
-5 5 -215 25 0 0.5 0.5 0.5

2 1
-5 5 -215 25 0 0.5 0.5 0.5
-5 5 -90 0 0 0.5 0.5 0.5
-5 10 -90 0 1 0.5 0.5 0.5

1 1
-5 5 -205 0 1 0.5 0.5 0.5
-5 5 -215 2 1 0.5 0.5 0.5
0 0 -215 2 0 0.5 0.5 0.5

1 1
0 0 -215 2 0 0.5 0.5 0.5
0 0 -205 0 0 0.5 0.5 0.5
-5 5 -205 0 1 0.5 0.5 0.5

1 1
-5 5 -90 0 1 0.25 0.25 0.25
0 0 -90 0.5 0 0.25 0.25 0.25
-5 0 -90 0 0 0.25 0.25 0.25

1 1
0 0 0 0 0 0.25 0.25 0.25
0 0 0 0 0 0.25 0.25 0.25
-5 5 -90 0 1 0.25 0.25 0.25

1 1
-5 5 -135 0 1 0.25 0.25 0.25
0 0 -135 0.5 0 0.25 0.25 0.25
-5 0 -135 0 0 0.25 0.25 0.25

1 1
0 0 0 0 0 0.25 0.25 0.25
0 0 0 0 0 0.25 0.25 0.25
-5 5 -135 0 1 0.25 0.25 0.25

1 1
-5 5 -180 0 1 0.25 0.25 0.25
0 0 -180 0.5 0 0.25 0.25 0.25
-5 0 -180 0 0 0.25 0.25 0.25

1 1
0 0 0 0 0 0.25 0.25 0.25
0 0 0 0 0 0.25 0.25 0.25
-5 5 -180 0 1 0.25 0.25 0.25

0 1
-5 0 -180 0 2 0.25 0.25 0.25
0 0 -180 1 2 0.5 0.5 0.5
0 0 -170 1 0 0.5 0.5 0.5

0 1
0 0 -170 1 0 0.5 0.5 0.5
-5 0 -170 0 0 0.25 0.25 0.25
-5 0 -180 0 2 0.25 0.25 0.25

0 1
-5 0 -135 0 2 0.25 0.25 0.25
0 0 -135 1 2 0.5 0.5 0.5
0 0 -125 1 0 0.5 0.5 0.5

0 1
0 0 -125 1 0 0.5 0.5 0.5
-5 0 -125 0 0 0.25 0.25 0.25
-5 0 -135 0 2 0.25 0.25 0.25

0 1
10 0 -135 0 2 0.5 0.5 0.5
15 0 -135 1 2 0.25 0.25 0.25
15 0 -125 1 0 0.25 0.25 0.25

0 1
15 0 -125 1 0 0.25 0.25 0.25
10 0 -125 0 0 0.5 0.5 0.5
10 0 -135 0 2 0.5 0.5 0.5

0 1
10 0 -180 0 2 0.5 0.5 0.5
15 0 -180 1 2 0.25 0.25 0.25
15 0 -170 1 0 0.25 0.25 0.25

0 1
15 0 -170 1 0 0.25 0.25 0.25
10 0 -170 0 0 0.5 0.5 0.5
10 0 -180 0 2 0.5 0.5 0.5

0 1
10 0 -225 0 2 0.5 0.5 0.5
15 0 -225 1 2 0.25 0.25 0.25
15 0 -215 1 0 0.25 0.25 0.25

0 1
15 0 -215 1 0 0.25 0.25 0.25
10 0 -215 0 0 0.5 0.5 0.5
10 0 -225 0 2 0.5 0.5 0.5

0 1
-5 0 -225 0 2 0.25 0.25 0.25
0 0 -225 1 2 0.5 0.5 0.5
0 0 -215 1 0 0.5 0.5 0.5

0 1
0 0 -215 1 0 0.5 0.5 0.5
-5 0 -215 0 0 0.25 0.25 0.25
-5 0 -225 0 2 0.25 0.25 0.25

2 1
0 16 -225 0 2 0.35 0.35 0.35
0 16 30 52 2 0.35 0.35 0.35
10 16 30 52 0 0.35 0.35 0.35

2 1
10 16 30 52 0 0.35 0.35 0.35
10 16 -225 0 0 0.35 0.35 0.35
0 16 -225 0 2 0.35 0.35 0.35

0 1
10 16 -225 0 1 0.35 0.35 0.35
10 16 30 52 1 0.35 0.35 0.35
10 15 30 52 0 0.35 0.35 0.35

0 1
10 15 30 52 0 0.35 0.35 0.35
10 15 -225 0 0 0.35 0.35 0.35
10 16 -225 0 1 0.35 0.35 0.35

0 1
0 16 -225 0 1 0.35 0.35 0.35
0 16 30 52 1 0.35 0.35 0.35
0 15 30 52 0 0.35 0.35 0.35

0 1
0 15 30 52 0 0.35 0.35 0.35
0 15 -225 0 0 0.35 0.35 0.35
0 16 -225 0 1 0.35 0.35 0.35

3 1
0 15 -225 0 2 0.5 0.5 0.5
0 15 30 52 2 0.5 0.5 0.5
-5 10 30 52 0 0.5 0.5 0.5

3 1
-5 10 30 52 0 0.5 0.5 0.5
-5 10 -225 0 0 0.5 0.5 0.5
0 15 -225 0 2 0.5 0.5 0.5

3 1
10 15 -225 0 2 0.5 0.5 0.5
10 15 30 52 2 0.5 0.5 0.5
15 10 30 52 0 0.5 0.5 0.5

3 1
15 10 30 52 0 0.5 0.5 0.5
15 10 -225 0 0 0.5 0.5 0.5
10 15 -225 0 2 0.5 0.5 0.5

1 1
-5 5 -80 0 1 0.5 0.5 0.5
-5 5 -90 2 1 0.5 0.5 0.5
-5 0 -90 2 0 0.25 0.25 0.25

1 1
-5 0 -90 2 0 0.25 0.25 0.25
-5 0 -80 0 0 0.25 0.25 0.25
-5 5 -80 0 1 0.5 0.5 0.5

2 1
-5 10 -80 0 1 0.5 0.5 0.5
-5 10 -90 2 1 0.5 0.5 0.5
-5 5 -90 2 0 0.5 0.5 0.5

2 1
-5 5 -90 2 0 0.5 0.5 0.5
-5 5 -80 0 0 0.5 0.5 0.5
-5 10 -80 0 1 0.5 0.5 0.5

1 1
-5 5 -125 0 1 0.5 0.5 0.5
-5 5 -135 2 1 0.5 0.5 0.5
-5 0 -135 2 0 0.25 0.25 0.25

1 1
-5 0 -135 2 0 0.25 0.25 0.25
-5 0 -125 0 0 0.25 0.25 0.25
-5 5 -125 0 1 0.5 0.5 0.5

1 1
-5 5 -170 0 1 0.5 0.5 0.5
-5 5 -180 2 1 0.5 0.5 0.5
-5 0 -180 2 0 0.25 0.25 0.25

1 1
-5 0 -180 2 0 0.25 0.25 0.25
-5 0 -170 0 0 0.25 0.25 0.25
-5 5 -170 0 1 0.5 0.5 0.5

5 1
-4 3 -89 0 1 0.5 0.5 0.5
-1 3 -89 1 1 0.5 0.5 0.5
-1 3 -86 1 0 0.5 0.5 0.5

5 1
-1 3 -86 1 0 0.5 0.5 0.5
-4 3 -86 0 0 0.5 0.5 0.5
-4 3 -89 0 1 0.5 0.5 0.5

5 1
-4 3 -86 0 1 0.25 0.25 0.25
-1 3 -86 1 1 0.25 0.25 0.25
-1 0 -86 1 0 0.25 0.25 0.25

5 1
-1 0 -86 1 0 0.25 0.25 0.25
-4 0 -86 0 0 0.25 0.25 0.25
-4 3 -86 0 1 0.25 0.25 0.25

5 1
-1 3 -86 0 1 0.6 0.6 0.6
-1 3 -89 1 1 0.6 0.6 0.6
-1 0 -89 1 0 0.6 0.6 0.6

5 1
-1 0 -89 1 0 0.6 0.6 0.6
-1 0 -86 0 0 0.6 0.6 0.6
-1 3 -86 0 1 0.6 0.6 0.6

5 1
-2 3 -81 0 1 0.6 0.6 0.6
-2 3 -84 1 1 0.6 0.6 0.6
-2 0 -84 1 0 0.6 0.6 0.6

5 1
-2 0 -84 1 0 0.6 0.6 0.6
-2 0 -81 0 0 0.6 0.6 0.6
-2 3 -81 0 1 0.6 0.6 0.6

5 1
-5 3 -81 0 1 0.25 0.25 0.25
-2 3 -81 1 1 0.25 0.25 0.25
-2 0 -81 1 0 0.25 0.25 0.25

5 1
-2 0 -81 1 0 0.25 0.25 0.25
-5 0 -81 0 0 0.25 0.25 0.25
-5 3 -81 0 1 0.25 0.25 0.25

5 1
-5 3 -84 0 1 0.5 0.5 0.5
-2 3 -84 1 1 0.5 0.5 0.5
-2 3 -81 1 0 0.5 0.5 0.5

5 1
-2 3 -81 1 0 0.5 0.5 0.5
-5 3 -81 0 0 0.5 0.5 0.5
-5 3 -84 0 1 0.5 0.5 0.5

5 1
11 3 -89 0 1 0.5 0.5 0.5
14 3 -89 1 1 0.5 0.5 0.5
14 3 -86 1 0 0.5 0.5 0.5

5 1
14 3 -86 1 0 0.5 0.5 0.5
11 3 -86 0 0 0.5 0.5 0.5
11 3 -89 0 1 0.5 0.5 0.5

5 1
11 3 -84 0 1 0.5 0.5 0.5
14 3 -84 1 1 0.5 0.5 0.5
14 3 -81 1 0 0.5 0.5 0.5

5 1
14 3 -81 1 0 0.5 0.5 0.5
11 3 -81 0 0 0.5 0.5 0.5
11 3 -84 0 1 0.5 0.5 0.5

5 1
11 3 -81 0 1 0.25 0.25 0.25
14 3 -81 1 1 0.25 0.25 0.25
14 0 -81 1 0 0.25 0.25 0.25

5 1
14 0 -81 1 0 0.25 0.25 0.25
11 0 -81 0 0 0.25 0.25 0.25
11 3 -81 0 1 0.25 0.25 0.25

5 1
11 3 -86 0 1 0.25 0.25 0.25
14 3 -86 1 1 0.25 0.25 0.25
14 0 -86 1 0 0.25 0.25 0.25

5 1
14 0 -86 1 0 0.25 0.25 0.25
11 0 -86 0 0 0.25 0.25 0.25
11 3 -86 0 1 0.25 0.25 0.25

5 1
11 3 -89 0 1 0.6 0.6 0.6
11 3 -86 1 1 0.6 0.6 0.6
11 0 -86 1 0 0.6 0.6 0.6

5 1
11 0 -86 1 0 0.6 0.6 0.6
11 0 -89 0 0 0.6 0.6 0.6
11 3 -89 0 1 0.6 0.6 0.6

5 1
11 3 -84 0 1 0.6 0.6 0.6
11 3 -81 1 1 0.6 0.6 0.6
11 0 -81 1 0 0.6 0.6 0.6

5 1
11 0 -81 1 0 0.6 0.6 0.6
11 0 -84 0 0 0.6 0.6 0.6
11 3 -84 0 1 0.6 0.6 0.6

5 1
12 6 -83.5 0 1 0.5 0.5 0.5
15 6 -83.5 1 1 0.5 0.5 0.5
15 3 -83.5 1 0 0.25 0.25 0.25

5 1
15 3 -83.5 1 0 0.25 0.25 0.25
12 3 -83.5 0 0 0.25 0.25 0.25
12 6 -83.5 0 1 0.5 0.5 0.5

5 1
12 6 -86.5 0 1 0.6 0.6 0.6
12 6 -83.5 1 1 0.6 0.6 0.6
12 3 -83.5 1 0 0.6 0.6 0.6

5 1
12 3 -83.5 1 0 0.6 0.6 0.6
12 3 -86.5 0 0 0.6 0.6 0.6
12 6 -86.5 0 1 0.6 0.6 0.6

2 1
15 10 -80 0 1 0.5 0.5 0.5
15 10 -225 29 1 0.5 0.5 0.5
15 5 -225 29 0 0.5 0.5 0.5

2 1
15 5 -225 29 0 0.5 0.5 0.5
15 5 -80 0 0 0.5 0.5 0.5
15 10 -80 0 1 0.5 0.5 0.5

1 1
10 0 -90 0 0 0.25 0.25 0.25
15 5 -90 0.5 1 0.25 0.25 0.25
15 0 -90 0.5 0 0.25 0.25 0.25

1 1
15 0 -90 0.5 0 0.25 0.25 0.25
10 0 -90 0 0 0.25 0.25 0.25
10 0 -90 0 0 0.25 0.25 0.25

1 1
15 5 -100 0 1 0.5 0.5 0.5
15 5 -90 2 1 0.5 0.5 0.5
10 0 -90 2 0 0.5 0.5 0.5

1 1
10 0 -90 2 0 0.5 0.5 0.5
10 0 -100 0 0 0.5 0.5 0.5
15 5 -100 0 1 0.5 0.5 0.5

1 1
15 5 -105 0 1 0.75 0.75 0.75
15 5 -100 1 1 0.5 0.5 0.5
10 0 -100 1 0 0.5 0.5 0.5

1 1
10 0 -100 1 0 0.5 0.5 0.5
10 0 -105 0 0 0.75 0.75 0.75
15 5 -105 0 1 0.75 0.75 0.75

1 1
15 5 -110 0 1 0.75 0.75 0.75
15 5 -105 1 1 0.75 0.75 0.75
10 0 -105 1 0 0.75 0.75 0.75

1 1
10 0 -105 1 0 0.75 0.75 0.75
10 0 -110 0 0 0.75 0.75 0.75
15 5 -110 0 1 0.75 0.75 0.75

1 1
15 5 -115 0 1 0.5 0.5 0.5
15 5 -110 1 1 0.75 0.75 0.75
10 0 -110 1 0 0.75 0.75 0.75

1 1
10 0 -110 1 0 0.75 0.75 0.75
10 0 -115 0 0 0.5 0.5 0.5
15 5 -115 0 1 0.5 0.5 0.5

1 1
15 5 -125 0 1 0.5 0.5 0.5
15 5 -115 2 1 0.5 0.5 0.5
10 0 -115 2 0 0.5 0.5 0.5

1 1
10 0 -115 2 0 0.5 0.5 0.5
10 0 -125 0 0 0.5 0.5 0.5
15 5 -125 0 1 0.5 0.5 0.5

1 1
10 0 -135 0 0 0.25 0.25 0.25
15 5 -135 0.5 1 0.25 0.25 0.25
15 0 -135 0.5 0 0.25 0.25 0.25

1 1
15 0 -135 0.5 0 0.25 0.25 0.25
10 0 -135 0 0 0.25 0.25 0.25
10 0 -135 0 0 0.25 0.25 0.25

1 1
15 5 -145 0 1 0.5 0.5 0.5
15 5 -135 2 1 0.5 0.5 0.5
10 0 -135 2 0 0.5 0.5 0.5

1 1
10 0 -135 2 0 0.5 0.5 0.5
10 0 -145 0 0 0.5 0.5 0.5
15 5 -145 0 1 0.5 0.5 0.5

1 1
15 5 -150 0 1 0.75 0.75 0.75
15 5 -145 1 1 0.5 0.5 0.5
10 0 -145 1 0 0.5 0.5 0.5

1 1
10 0 -145 1 0 0.5 0.5 0.5
10 0 -150 0 0 0.75 0.75 0.75
15 5 -150 0 1 0.75 0.75 0.75

1 1
15 5 -155 0 1 0.75 0.75 0.75
15 5 -150 1 1 0.75 0.75 0.75
10 0 -150 1 0 0.75 0.75 0.75

1 1
10 0 -150 1 0 0.75 0.75 0.75
10 0 -155 0 0 0.75 0.75 0.75
15 5 -155 0 1 0.75 0.75 0.75

1 1
15 5 -160 0 1 0.5 0.5 0.5
15 5 -155 1 1 0.75 0.75 0.75
10 0 -155 1 0 0.75 0.75 0.75

1 1
10 0 -155 1 0 0.75 0.75 0.75
10 0 -160 0 0 0.5 0.5 0.5
15 5 -160 0 1 0.5 0.5 0.5

1 1
15 5 -170 0 1 0.5 0.5 0.5
15 5 -160 2 1 0.5 0.5 0.5
10 0 -160 2 0 0.5 0.5 0.5

1 1
10 0 -160 2 0 0.5 0.5 0.5
10 0 -170 0 0 0.5 0.5 0.5
15 5 -170 0 1 0.5 0.5 0.5

1 1
10 0 -180 0 0 0.25 0.25 0.25
15 5 -180 0.5 1 0.25 0.25 0.25
15 0 -180 0.5 0 0.25 0.25 0.25

1 1
15 0 -180 0.5 0 0.25 0.25 0.25
10 0 -180 0 0 0.25 0.25 0.25
10 0 -180 0 0 0.25 0.25 0.25

1 1
15 5 -190 0 1 0.5 0.5 0.5
15 5 -180 2 1 0.5 0.5 0.5
10 0 -180 2 0 0.5 0.5 0.5

1 1
10 0 -180 2 0 0.5 0.5 0.5
10 0 -190 0 0 0.5 0.5 0.5
15 5 -190 0 1 0.5 0.5 0.5

1 1
15 5 -195 0 1 0.75 0.75 0.75
15 5 -190 1 1 0.5 0.5 0.5
10 0 -190 1 0 0.5 0.5 0.5

1 1
10 0 -190 1 0 0.5 0.5 0.5
10 0 -195 0 0 0.75 0.75 0.75
15 5 -195 0 1 0.75 0.75 0.75

1 1
15 5 -200 0 1 0.75 0.75 0.75
15 5 -195 1 1 0.75 0.75 0.75
10 0 -195 1 0 0.75 0.75 0.75

1 1
10 0 -195 1 0 0.75 0.75 0.75
10 0 -200 0 0 0.75 0.75 0.75
15 5 -200 0 1 0.75 0.75 0.75

1 1
15 5 -205 0 1 0.5 0.5 0.5
15 5 -200 1 1 0.75 0.75 0.75
10 0 -200 1 0 0.75 0.75 0.75

1 1
10 0 -200 1 0 0.75 0.75 0.75
10 0 -205 0 0 0.5 0.5 0.5
15 5 -205 0 1 0.5 0.5 0.5

1 1
15 5 -215 0 1 0.5 0.5 0.5
15 5 -205 2 1 0.5 0.5 0.5
10 0 -205 2 0 0.5 0.5 0.5

1 1
10 0 -205 2 0 0.5 0.5 0.5
10 0 -215 0 0 0.5 0.5 0.5
15 5 -215 0 1 0.5 0.5 0.5

1 1
15 5 -180 0 1 0.5 0.5 0.5
15 5 -170 2 1 0.5 0.5 0.5
15 0 -170 2 0 0.25 0.25 0.25

1 1
15 0 -170 2 0 0.25 0.25 0.25
15 0 -180 0 0 0.25 0.25 0.25
15 5 -180 0 1 0.5 0.5 0.5

1 1
15 5 -135 0 1 0.5 0.5 0.5
15 5 -125 2 1 0.5 0.5 0.5
15 0 -125 2 0 0.25 0.25 0.25

1 1
15 0 -125 2 0 0.25 0.25 0.25
15 0 -135 0 0 0.25 0.25 0.25
15 5 -135 0 1 0.5 0.5 0.5

1 1
15 5 -90 0 1 0.5 0.5 0.5
15 5 -80 2 1 0.5 0.5 0.5
15 0 -80 2 0 0 0 0

1 1
15 0 -80 2 0 0 0 0
15 0 -90 0 0 0 0 0
15 5 -90 0 1 0.5 0.5 0.5

1 1
15 5 -225 0 1 0.5 0.5 0.5
15 5 -215 2 1 0.5 0.5 0.5
15 0 -215 2 0 0.25 0.25 0.25

1 1
15 0 -215 2 0 0.25 0.25 0.25
15 0 -225 0 0 0.25 0.25 0.25
15 5 -225 0 1 0.5 0.5 0.5

1 1
-5 5 -215 0 1 0.5 0.5 0.5
-5 5 -225 2 1 0.5 0.5 0.5
-5 0 -225 2 0 0.25 0.25 0.25

1 1
-5 0 -225 2 0 0.25 0.25 0.25
-5 0 -215 0 0 0.25 0.25 0.25
-5 5 -215 0 1 0.5 0.5 0.5

2 1
-5 10 -215 0 1 0.5 0.5 0.5
-5 10 -225 2 1 0.5 0.5 0.5
-5 5 -225 2 0 0.5 0.5 0.5

2 1
-5 5 -225 2 0 0.5 0.5 0.5
-5 5 -215 0 0 0.5 0.5 0.5
-5 10 -215 0 1 0.5 0.5 0.5

5 1
12 6 -86.5 0 1 0.35 0.35 0.35
15 6 -86.5 1 1 0.35 0.35 0.35
15 6 -83.5 1 0 0.35 0.35 0.35

5 1
15 6 -83.5 1 0 0.35 0.35 0.35
12 6 -83.5 0 0 0.35 0.35 0.35
12 6 -86.5 0 1 0.35 0.35 0.35

2 1
-5 10 -225 0 1 0.5 0.5 0.5
0 10 -225 1 1 0.5 0.5 0.5
0 5 -225 1 0 0.5 0.5 0.5

2 1
0 5 -225 1 0 0.5 0.5 0.5
-5 5 -225 0 0 0.5 0.5 0.5
-5 10 -225 0 1 0.5 0.5 0.5

2 1
10 10 -225 0 1 0.5 0.5 0.5
15 10 -225 1 1 0.5 0.5 0.5
15 5 -225 1 0 0.5 0.5 0.5

2 1
15 5 -225 1 0 0.5 0.5 0.5
10 5 -225 0 0 0.5 0.5 0.5
10 10 -225 0 1 0.5 0.5 0.5

1 1
-5 5 -225 0 1 0.5 0.5 0.5
0 5 -225 1 1 0.5 0.5 0.5
0 0 -225 1 0 0.5 0.5 0.5

1 1
0 0 -225 1 0 0.5 0.5 0.5
-5 0 -225 0 0 0.25 0.25 0.25
-5 5 -225 0 1 0.5 0.5 0.5

1 1
10 5 -225 0 1 0.5 0.5 0.5
15 5 -225 1 1 0.5 0.5 0.5
15 0 -225 1 0 0.25 0.25 0.25

1 1
15 0 -225 1 0 0.25 0.25 0.25
10 0 -225 0 0 0.5 0.5 0.5
10 5 -225 0 1 0.5 0.5 0.5

4 1
0 16 -225 0 1 0.25 0.25 0.25
10 16 -225 4 1 0.25 0.25 0.25
10 15 -225 4 0 0.25 0.25 0.25

4 1
10 15 -225 4 0 0.25 0.25 0.25
0 15 -225 0 0 0.25 0.25 0.25
0 16 -225 0 1 0.25 0.25 0.25

4 1
-0.5 10.5 -225 0 0.5 0.5 0.5 0.5
-0.5 15 -225 2 0.5 0.25 0.25 0.25
0 15 -225 2 0 0.25 0.25 0.25

4 1
0 15 -225 2 0 0.25 0.25 0.25
0 10.5 -225 0 0 0.5 0.5 0.5
-0.5 10.5 -225 0 0.5 0.5 0.5 0.5

4 1
10 10.5 -225 0 0.5 0.5 0.5 0.5
10 15 -225 2 0.5 0.25 0.25 0.25
10.5 15 -225 2 0 0.25 0.25 0.25

4 1
10.5 15 -225 2 0 0.25 0.25 0.25
10.5 10.5 -225 0 0 0.5 0.5 0.5
10 10.5 -225 0 0.5 0.5 0.5 0.5

3 1
0 15 -225 0 2 0.5 0.5 0.5
0 15 -255 6 2 0 0 0
-5 10 -255 6 0 0 0 0

3 1
-5 10 -255 6 0 0 0 0
-5 10 -225 0 0 0.5 0.5 0.5
0 15 -225 0 2 0.5 0.5 0.5

3 1
10 15 -255 0 2 0 0 0
10 15 -225 6 2 0.5 0.5 0.5
15 10 -225 6 0 0.5 0.5 0.5

3 1
15 10 -225 6 0 0.5 0.5 0.5
15 10 -255 0 0 0 0 0
10 15 -255 0 2 0 0 0

2 1
0 16 -255 0 2 0 0 0
0 16 -225 6 2 0.5 0.5 0.5
10 16 -225 6 0 0.5 0.5 0.5

2 1
10 16 -225 6 0 0.5 0.5 0.5
10 16 -255 0 0 0 0 0
0 16 -255 0 2 0 0 0

4 1
0 15 -225.5 0 0.5 0.1 0.1 0.1
10 15 -225.5 8 0.5 0.1 0.1 0.1
10 15 -225 8 0 0.1 0.1 0.1

4 1
10 15 -225 8 0 0.1 0.1 0.1
0 15 -225 0 0 0.1 0.1 0.1
0 15 -225.5 0 0.5 0.1 0.1 0.1

4 1
0 15 -225 0 2 0.1 0.1 0.1
0 15 -225.5 0.5 2 0.1 0.1 0.1
0 10.5 -225.5 0.5 0 0.25 0.25 0.25

4 1
0 10.5 -225.5 0.5 0 0.25 0.25 0.25
0 10.5 -225 0 0 0.25 0.25 0.25
0 15 -225 0 2 0.1 0.1 0.1

4 1
10 10.5 -225 0 0.5 0.25 0.25 0.25
10 10.5 -225.5 2 0.5 0.25 0.25 0.25
10 15 -225.5 2 0 0.1 0.1 0.1

4 1
10 15 -225.5 2 0 0.1 0.1 0.1
10 15 -225 0 0 0.1 0.1 0.1
10 10.5 -225 0 0.5 0.25 0.25 0.25

99 1
-1.7 2.2 -196 0 1 0.25 0.25 0.25
-0.8 1.3 -196 1 1 0.25 0.25 0.25
-1.3 1.3 -196 1 0 0.25 0.25 0.25

99 1
-1.3 1.3 -196 1 0 0.25 0.25 0.25
-1.7 1.7 -196 0 0 0.25 0.25 0.25
-1.7 2.2 -196 0 1 0.25 0.25 0.25

99 1
-1.7 2.2 -196 0 1 1 1 0.8
-1.7 2.2 -199 1 1 1 1 0.8
-0.8 1.3 -199 1 0 1 1 0.8

99 1
-0.8 1.3 -199 1 0 1 1 0.8
-0.8 1.3 -196 0 0 1 1 0.8
-1.7 2.2 -196 0 1 1 1 0.8

99 1
10.8 1.3 -196 0 1 0.25 0.25 0.25
11.7 2.2 -196 1 1 0.25 0.25 0.25
11.7 1.7 -196 1 0 0.25 0.25 0.25

99 1
11.7 1.7 -196 1 0 0.25 0.25 0.25
11.3 1.3 -196 0 0 0.25 0.25 0.25
10.8 1.3 -196 0 1 0.25 0.25 0.25

99 1
10.8 1.3 -196 0 1 1 1 0.8
11.7 2.2 -196 1 1 1 1 0.8
11.7 2.2 -199 1 0 1 1 0.8

99 1
11.7 2.2 -199 1 0 1 1 0.8
10.8 1.3 -199 0 0 1 1 0.8
10.8 1.3 -196 0 1 1 1 0.8

99 1
10.8 1.3 -151 0 1 0.25 0.25 0.25
11.7 2.2 -151 1 1 0.25 0.25 0.25
11.7 1.7 -151 1 0 0.25 0.25 0.25

99 1
11.7 1.7 -151 1 0 0.25 0.25 0.25
11.3 1.3 -151 0 0 0.25 0.25 0.25
10.8 1.3 -151 0 1 0.25 0.25 0.25

99 1
10.8 1.3 -151 0 1 1 1 0.8
11.7 2.2 -151 1 1 1 1 0.8
11.7 2.2 -154 1 0 1 1 0.8

99 1
11.7 2.2 -154 1 0 1 1 0.8
10.8 1.3 -154 0 0 1 1 0.8
10.8 1.3 -151 0 1 1 1 0.8

99 1
-1.7 1.7 -151 0 1 0.25 0.25 0.25
-1.7 2.2 -151 1 1 0.25 0.25 0.25
-0.8 1.3 -151 1 0 0.25 0.25 0.25

99 1
-0.8 1.3 -151 1 0 0.25 0.25 0.25
-1.3 1.3 -151 0 0 0.25 0.25 0.25
-1.7 1.7 -151 0 1 0.25 0.25 0.25

99 1
-1.7 2.2 -151 0 1 1 1 0.8
-0.8 1.3 -151 1 1 1 1 0.8
-0.8 1.3 -154 1 0 1 1 0.8

99 1
-0.8 1.3 -154 1 0 1 1 0.8
-1.7 2.2 -154 0 0 1 1 0.8
-1.7 2.2 -151 0 1 1 1 0.8

99 1
-1.7 1.7 -106 0 1 0.25 0.25 0.25
-1.3 1.3 -106 1 1 0.25 0.25 0.25
-0.8 1.3 -106 1 0 0.25 0.25 0.25

99 1
-0.8 1.3 -106 1 0 0.25 0.25 0.25
-1.7 2.2 -106 0 0 0.25 0.25 0.25
-1.7 1.7 -106 0 1 0.25 0.25 0.25

99 1
-1.7 2.2 -106 0 1 1 1 0.8
-0.8 1.3 -106 1 1 1 1 0.8
-0.8 1.3 -109 1 0 1 1 0.8

99 1
-0.8 1.3 -109 1 0 1 1 0.8
-1.7 2.2 -109 0 0 1 1 0.8
-1.7 2.2 -106 0 1 1 1 0.8

99 1
10.8 1.3 -106 0 1 0.25 0.25 0.25
11.7 2.2 -106 1 1 0.25 0.25 0.25
11.7 1.7 -106 1 0 0.25 0.25 0.25

99 1
11.7 1.7 -106 1 0 0.25 0.25 0.25
11.3 1.3 -106 0 0 0.25 0.25 0.25
10.8 1.3 -106 0 1 0.25 0.25 0.25

99 1
10.8 1.3 -106 0 1 1 1 0.8
11.7 2.2 -106 1 1 1 1 0.8
11.7 2.2 -109 1 0 1 1 0.8

99 1
11.7 2.2 -109 1 0 1 1 0.8
10.8 1.3 -109 0 0 1 1 0.8
10.8 1.3 -106 0 1 1 1 0.8

2 1
15 10 -10 0 1 0.5 0.5 0.5
15 10 0 2 1 0.5 0.5 0.5
15 5 0 2 0 0.5 0.5 0.5

2 1
15 5 0 2 0 0.5 0.5 0.5
15 5 -10 0 0 0.5 0.5 0.5
15 10 -10 0 1 0.5 0.5 0.5

4 1
-2 0.6 -173.4 0 1 0.4 0.4 0.4
-1.5 0.6 -174 1 1 0.6 0.6 0.6
-1 0 -174 1 0 0.6 0.6 0.6

4 1
-1 0 -174 1 0 0.6 0.6 0.6
-2 0 -172.9 0 0 0.4 0.4 0.4
-2 0.6 -173.4 0 1 0.4 0.4 0.4

4 1
-2 0.6 -173.4 0 1 0.4 0.4 0.4
-4 0.6 -173.4 1 1 0.35 0.35 0.35
-4 0 -172.9 1 0 0.35 0.35 0.35

4 1
-4 0 -172.9 1 0 0.35 0.35 0.35
-2 0 -172.9 0 0 0.4 0.4 0.4
-2 0.6 -173.4 0 1 0.4 0.4 0.4

4 1
-1.5 0.6 -176 0 1 0.6 0.6 0.6
-2 0.6 -176.6 1 1 0.4 0.4 0.4
-2 0 -177.1 1 0 0.4 0.4 0.4

4 1
-2 0 -177.1 1 0 0.4 0.4 0.4
-1 0 -176 0 0 0.6 0.6 0.6
-1.5 0.6 -176 0 1 0.6 0.6 0.6

4 1
-4 0.6 -176.6 0 1 0.35 0.35 0.35
-2 0.6 -176.6 1 1 0.4 0.4 0.4
-2 0 -177.1 1 0 0.4 0.4 0.4

4 1
-2 0 -177.1 1 0 0.4 0.4 0.4
-4 0 -177.1 0 0 0.35 0.35 0.35
-4 0.6 -176.6 0 1 0.35 0.35 0.35

4 1
-1.5 7 -174 0 1 0.6 0.6 0.6
-1.5 7 -176 1 1 0.6 0.6 0.6
-2 7.5 -176 1 0 0.6 0.6 0.6

4 1
-2 7.5 -176 1 0 0.6 0.6 0.6
-2 7.5 -174 0 0 0.6 0.6 0.6
-1.5 7 -174 0 1 0.6 0.6 0.6

4 1
-4 7.5 -174 0 1 0.35 0.35 0.35
-2 7.5 -174 1 1 0.4 0.4 0.4
-2 7 -173.4 1 0 0.4 0.4 0.4

4 1
-2 7 -173.4 1 0 0.4 0.4 0.4
-4 7 -173.4 0 0 0.35 0.35 0.35
-4 7.5 -174 0 1 0.35 0.35 0.35

4 1
-2 7.5 -174 0 1 0.4 0.4 0.4
-1.5 7 -174 1 1 0.6 0.6 0.6
-2 7 -173.4 1 0 0.4 0.4 0.4

4 1
0 0 0 1 0 0.4 0.4 0.4
0 0 0 0 0 0.4 0.4 0.4
-2 7.5 -174 0 1 0.4 0.4 0.4

4 1
11 0 -174 0 1 0.6 0.6 0.6
11 0 -176 1 1 0.6 0.6 0.6
11.5 0.6 -176 1 0 0.6 0.6 0.6

4 1
11.5 0.6 -176 1 0 0.6 0.6 0.6
11.5 0.6 -174 0 0 0.6 0.6 0.6
11 0 -174 0 1 0.6 0.6 0.6

4 1
12 0.6 -173.4 0 1 0.4 0.4 0.4
11.5 0.6 -174 1 1 0.6 0.6 0.6
11 0 -174 1 0 0.6 0.6 0.6

4 1
11 0 -174 1 0 0.6 0.6 0.6
12 0 -172.9 0 0 0.4 0.4 0.4
12 0.6 -173.4 0 1 0.4 0.4 0.4

4 1
12 0.6 -173.4 0 1 0.4 0.4 0.4
14 0.6 -173.4 1 1 0.35 0.35 0.35
14 0 -172.9 1 0 0.35 0.35 0.35

4 1
14 0 -172.9 1 0 0.35 0.35 0.35
12 0 -172.9 0 0 0.4 0.4 0.4
12 0.6 -173.4 0 1 0.4 0.4 0.4

4 1
11.5 0.6 -176 0 1 0.6 0.6 0.6
12 0.6 -176.5 1 1 0.4 0.4 0.4
12 0 -177.1 1 0 0.4 0.4 0.4

4 1
12 0 -177.1 1 0 0.4 0.4 0.4
11 0 -176 0 0 0.6 0.6 0.6
11.5 0.6 -176 0 1 0.6 0.6 0.6

4 1
12 0.6 -176.5 0 1 0 0.25 0
14 0.6 -176.5 1 1 0 0.25 0
14 0.6 -173.4 1 0 0 0.25 0

4 1
14 0.6 -173.4 1 0 0 0.25 0
12 0.6 -173.4 0 0 0 0.25 0
12 0.6 -176.5 0 1 0 0.25 0

4 1
14 0.6 -176.5 0 1 0 0.25 0
14.5 0.6 -176 1 1 0 0.25 0
14.5 0.6 -174 1 0 0 0.25 0

4 1
14.5 0.6 -174 1 0 0 0.25 0
14 0.6 -173.4 0 0 0 0.25 0
14 0.6 -176.5 0 1 0 0.25 0

4 1
11.5 0.6 -176 0 1 0 0.25 0
12 0.6 -176.5 1 1 0 0.25 0
12 0.6 -173.4 1 0 0 0.25 0

4 1
12 0.6 -173.4 1 0 0 0.25 0
11.5 0.6 -174 0 0 0 0.25 0
11.5 0.6 -176 0 1 0 0.25 0

4 1
14 0.6 -173.4 0 1 0.35 0.35 0.35
14.5 0.6 -174 1 1 0.1 0.1 0.1
14.9 0 -174 1 0 0.1 0.1 0.1

4 1
14.9 0 -174 1 0 0.1 0.1 0.1
14 0 -172.9 0 0 0.35 0.35 0.35
14 0.6 -173.4 0 1 0.35 0.35 0.35

4 1
12 7.5 -174 0 1 0.6 0.6 0.6
12 7.5 -176 1 1 0.6 0.6 0.6
11.5 7 -176 1 0 0.6 0.6 0.6

4 1
11.5 7 -176 1 0 0.6 0.6 0.6
11.5 7 -174 0 0 0.6 0.6 0.6
12 7.5 -174 0 1 0.6 0.6 0.6

4 1
12 7 -173.4 0 1 0.4 0.4 0.4
14 7 -173.4 1 1 0.4 0.4 0.4
14 7.5 -174 1 0 0.4 0.4 0.4

4 1
14 7.5 -174 1 0 0.4 0.4 0.4
12 7.5 -174 0 0 0.4 0.4 0.4
12 7 -173.4 0 1 0.4 0.4 0.4

4 1
12 7.5 -174 0 1 0.6 0.6 0.6
12 7 -173.4 1 1 0.4 0.4 0.4
11.5 7 -174 1 0 0.6 0.6 0.6

4 1
0 0 0 1 0 0.6 0.6 0.6
0 0 0 0 0 0.6 0.6 0.6
12 7.5 -174 0 1 0.6 0.6 0.6

4 1
14 7.5 -174 0 1 0.4 0.4 0.4
14.5 7 -174 1 1 0.25 0.25 0.25
14 7 -173.4 1 0 0.4 0.4 0.4

4 1
0 0 0 1 0 0.4 0.4 0.4
0 0 0 0 0 0.4 0.4 0.4
14 7.5 -174 0 1 0.4 0.4 0.4

4 1
12 7.5 -174 0 1 0.3 0.3 0.3
14 7.5 -174 1 1 0.3 0.3 0.3
14 7.5 -176 1 0 0.3 0.3 0.3

4 1
14 7.5 -176 1 0 0.3 0.3 0.3
12 7.5 -176 0 0 0.3 0.3 0.3
12 7.5 -174 0 1 0.3 0.3 0.3

4 1
-4 7.5 -174 0 1 0.4 0.4 0.4
-4 7 -173.4 1 1 0.4 0.4 0.4
-4.5 7 -174 1 0 0.25 0.25 0.25

4 1
-4.5 7 -174 1 0 0.25 0.25 0.25
-4 7.5 -174 0 0 0.4 0.4 0.4
-4 7.5 -174 0 1 0.4 0.4 0.4

4 1
-2 0.6 -173.4 0 1 0 0.25 0
-4 0.6 -173.4 1 1 0 0.25 0
-4 0.6 -176.6 1 0 0 0.25 0

4 1
-4 0.6 -176.6 1 0 0 0.25 0
-2 0.6 -176.6 0 0 0 0.25 0
-2 0.6 -173.4 0 1 0 0.25 0

4 1
-2 0.6 -176.6 0 1 0 0.25 0
-1.5 0.6 -176 1 1 0 0.25 0
-1.5 0.6 -174 1 0 0 0.25 0

4 1
-1.5 0.6 -174 1 0 0 0.25 0
-2 0.6 -173.4 0 0 0 0.25 0
-2 0.6 -176.6 0 1 0 0.25 0

4 1
-4 0.6 -173.4 0 1 0 0.25 0
-4.5 0.6 -174 1 1 0 0.25 0
-4.5 0.6 -176 1 0 0 0.25 0

4 1
-4.5 0.6 -176 1 0 0 0.25 0
-4 0.6 -176.6 0 0 0 0.25 0
-4 0.6 -173.4 0 1 0 0.25 0

4 1
-4 0.6 -173.4 0 1 0.35 0.35 0.35
-4.5 0.6 -174 1 1 0.25 0.25 0.25
-4.9 0 -174 1 0 0.25 0.25 0.25

4 1
-4.9 0 -174 1 0 0.25 0.25 0.25
-4 0 -172.9 0 0 0.35 0.35 0.35
-4 0.6 -173.4 0 1 0.35 0.35 0.35

4 1
-4 7.5 -174 0 1 0.3 0.3 0.3
-2 7.5 -174 1 1 0.3 0.3 0.3
-2 7.5 -176 1 0 0.3 0.3 0.3

4 1
-2 7.5 -176 1 0 0.3 0.3 0.3
-4 7.5 -176 0 0 0.3 0.3 0.3
-4 7.5 -174 0 1 0.3 0.3 0.3

4 1
-1.5 0.6 -174 0 1 0.6 0.6 0.6
-1.5 0.6 -176 1 1 0.6 0.6 0.6
-1 0 -176 1 0 0.6 0.6 0.6

4 1
-1 0 -176 1 0 0.6 0.6 0.6
-1 0 -174 0 0 0.6 0.6 0.6
-1.5 0.6 -174 0 1 0.6 0.6 0.6

4 1
-3.5 2.1 -135 0 1 0.4 0.4 0.4
-3.5 2.1 -125 4 1 0.4 0.4 0.4
-3.5 1.8 -125 4 0 0.4 0.4 0.4

4 1
-3.5 1.8 -125 4 0 0.4 0.4 0.4
-3.5 1.8 -135 0 0 0.4 0.4 0.4
-3.5 2.1 -135 0 1 0.4 0.4 0.4

4 1
-3.5 2.1 -135 0 1 0.4 0.4 0.4
-3.5 2.1 -125 4 1 0.4 0.4 0.4
-3.7 2.3 -125 4 0 0.2 0.2 0.2

4 1
-3.7 2.3 -125 4 0 0.2 0.2 0.2
-3.7 2.3 -135 0 0 0.2 0.2 0.2
-3.5 2.1 -135 0 1 0.4 0.4 0.4

4 1
-3.7 2.3 -135 0 1 0.2 0.2 0.2
-3.7 2.3 -125 4 1 0.2 0.2 0.2
-4 2.3 -125 4 0 0.2 0.2 0.2

4 1
-4 2.3 -125 4 0 0.2 0.2 0.2
-4 2.3 -135 0 0 0.2 0.2 0.2
-3.7 2.3 -135 0 1 0.2 0.2 0.2

4 1
-4 1.2 -135 0 1 0.2 0.2 0.2
-4 1.2 -125 4 1 0.2 0.2 0.2
-3.7 1.2 -125 4 0 0.2 0.2 0.2

4 1
-3.7 1.2 -125 4 0 0.2 0.2 0.2
-3.7 1.2 -135 0 0 0.2 0.2 0.2
-4 1.2 -135 0 1 0.2 0.2 0.2

4 1
-3.7 1.2 -135 0 1 0.2 0.2 0.2
-3.7 1.2 -125 4 1 0.2 0.2 0.2
-3.5 1 -125 4 0 0.4 0.4 0.4

4 1
-3.5 1 -125 4 0 0.4 0.4 0.4
-3.5 1 -135 0 0 0.4 0.4 0.4
-3.7 1.2 -135 0 1 0.2 0.2 0.2

4 1
-3.5 1 -135 0 1 0.4 0.4 0.4
-3.5 1 -125 4 1 0.4 0.4 0.4
-3.5 0.7 -125 4 0 0.4 0.4 0.4

4 1
-3.5 0.7 -125 4 0 0.4 0.4 0.4
-3.5 0.7 -135 0 0 0.4 0.4 0.4
-3.5 1 -135 0 1 0.4 0.4 0.4

4 1
13.7 2.3 -135 0 1 0.2 0.2 0.2
13.7 2.3 -125 4 1 0.2 0.2 0.2
14 2.3 -125 4 0 0.2 0.2 0.2

4 1
14 2.3 -125 4 0 0.2 0.2 0.2
14 2.3 -135 0 0 0.2 0.2 0.2
13.7 2.3 -135 0 1 0.2 0.2 0.2

4 1
13.7 2.3 -135 0 1 0.2 0.2 0.2
13.7 2.3 -125 4 1 0.2 0.2 0.2
13.5 2.1 -125 4 0 0.4 0.4 0.4

4 1
13.5 2.1 -125 4 0 0.4 0.4 0.4
13.5 2.1 -135 0 0 0.4 0.4 0.4
13.7 2.3 -135 0 1 0.2 0.2 0.2

4 1
13.5 2.1 -135 0 1 0.4 0.4 0.4
13.5 2.1 -125 4 1 0.4 0.4 0.4
13.5 1.8 -125 4 0 0.4 0.4 0.4

4 1
13.5 1.8 -125 4 0 0.4 0.4 0.4
13.5 1.8 -135 0 0 0.4 0.4 0.4
13.5 2.1 -135 0 1 0.4 0.4 0.4

4 1
13.7 1.3 -135 0 1 0.2 0.2 0.2
13.7 1.3 -125 4 1 0.2 0.2 0.2
14 1.3 -125 4 0 0.2 0.2 0.2

4 1
14 1.3 -125 4 0 0.2 0.2 0.2
14 1.3 -135 0 0 0.2 0.2 0.2
13.7 1.3 -135 0 1 0.2 0.2 0.2

4 1
13.7 1.3 -135 0 1 0.2 0.2 0.2
13.7 1.3 -125 4 1 0.2 0.2 0.2
13.5 1.1 -125 4 0 0.4 0.4 0.4

4 1
13.5 1.1 -125 4 0 0.4 0.4 0.4
13.5 1.1 -135 0 0 0.4 0.4 0.4
13.7 1.3 -135 0 1 0.2 0.2 0.2

4 1
13.5 1.1 -135 0 1 0.4 0.4 0.4
13.5 1.1 -125 4 1 0.4 0.4 0.4
13.5 0.8 -125 4 0 0.4 0.4 0.4

4 1
13.5 0.8 -125 4 0 0.4 0.4 0.4
13.5 0.8 -135 0 0 0.4 0.4 0.4
13.5 1.1 -135 0 1 0.4 0.4 0.4

4 1
0 0 -225.5 0 0.5 0.5 0.5 0.5
10 0 -225.5 4 0.5 0.5 0.5 0.5
10 0 -225 4 0 0.5 0.5 0.5

4 1
10 0 -225 4 0 0.5 0.5 0.5
0 0 -225 0 0 0.5 0.5 0.5
0 0 -225.5 0 0.5 0.5 0.5 0.5

99 1
0 10 -225.5 0 0.5 0.1 0.1 0.1
10 10 -225.5 4 0.5 0.1 0.1 0.1
10 10 -225 4 0 0.1 0.1 0.1

99 1
10 10 -225 4 0 0.1 0.1 0.1
0 10 -225 0 0 0.1 0.1 0.1
0 10 -225.5 0 0.5 0.1 0.1 0.1

1 1
-5 5 -10 0 1 0.5 0.5 0.5
-5 5 -12.5 0.5 1 0.5 0.5 0.5
-5 0 -12.5 0.5 0 0.25 0.25 0.25

1 1
-5 0 -12.5 0.5 0 0.25 0.25 0.25
-5 0 -10 0 0 0.25 0.25 0.25
-5 5 -10 0 1 0.5 0.5 0.5

1 1
-5 5 -20 0 1 0.5 0.5 0.5
-5 5 -17.5 0.5 1 0.5 0.5 0.5
-5 0 -17.5 0.5 0 0.25 0.25 0.25

1 1
-5 0 -17.5 0.5 0 0.25 0.25 0.25
-5 0 -20 0 0 0.25 0.25 0.25
-5 5 -20 0 1 0.5 0.5 0.5

2 1
-5 10 -10 0 1 0.5 0.5 0.5
-5 10 -12.5 0.5 1 0.5 0.5 0.5
-5 5 -12.5 0.5 0 0.5 0.5 0.5

2 1
-5 5 -12.5 0.5 0 0.5 0.5 0.5
-5 5 -10 0 0 0.5 0.5 0.5
-5 10 -10 0 1 0.5 0.5 0.5

2 1
-5 10 -20 0 1 0.5 0.5 0.5
-5 10 -17.5 0.5 1 0.5 0.5 0.5
-5 5 -17.5 0.5 0 0.5 0.5 0.5

2 1
-5 5 -17.5 0.5 0 0.5 0.5 0.5
-5 5 -20 0 0 0.5 0.5 0.5
-5 10 -20 0 1 0.5 0.5 0.5

2 1
-5 10 -12.5 0.5 1 0.5 0.5 0.5
-5 10 -17.5 1.5 1 0.5 0.5 0.5
-5 8 -17.5 1.5 0.6 0.5 0.5 0.5

2 1
-5 8 -17.5 1.5 0.6 0.5 0.5 0.5
-5 8 -12.5 0.5 0.6 0.5 0.5 0.5
-5 10 -12.5 0.5 1 0.5 0.5 0.5

4 1
-5 8 -12.5 0 1 0.1 0.1 0.1
-5 8 -17.5 2 1 0.1 0.1 0.1
-5.4 8 -17.5 2 0 0.1 0.1 0.1

4 1
-5.4 8 -17.5 2 0 0.1 0.1 0.1
-5.4 8 -12.5 0 0 0.1 0.1 0.1
-5 8 -12.5 0 1 0.1 0.1 0.1

4 1
-5 0 -17.5 0 0.5 0.25 0.25 0.25
-5 8 -17.5 4 0.5 0.25 0.25 0.25
-5.4 8 -17.5 4 0 0.25 0.25 0.25

4 1
-5.4 8 -17.5 4 0 0.25 0.25 0.25
-5.4 0 -17.5 0 0 0.25 0.25 0.25
-5 0 -17.5 0 0.5 0.25 0.25 0.25

4 1
-5.4 0 -12.5 0 0.5 0.25 0.25 0.25
-5.4 8 -12.5 4 0.5 0.25 0.25 0.25
-5 8 -12.5 4 0 0.25 0.25 0.25

4 1
-5 8 -12.5 4 0 0.25 0.25 0.25
-5 0 -12.5 0 0 0.25 0.25 0.25
-5.4 0 -12.5 0 0.5 0.25 0.25 0.25

4 1
-5 0 -12.5 0 1 0.5 0.5 0.5
-5 0 -17.5 2 1 0.5 0.5 0.5
-5.4 0 -17.5 2 0 0.5 0.5 0.5

4 1
-5.4 0 -17.5 2 0 0.5 0.5 0.5
-5.4 0 -12.5 0 0 0.5 0.5 0.5
-5 0 -12.5 0 1 0.5 0.5 0.5

1 1
15 5 -10 0 1 0.5 0.5 0.5
15 5 -12.5 0.5 1 0.5 0.5 0.5
15 0 -12.5 0.5 0 0.25 0.25 0.25

1 1
15 0 -12.5 0.5 0 0.25 0.25 0.25
15 0 -10 0 0 0.25 0.25 0.25
15 5 -10 0 1 0.5 0.5 0.5

1 1
15 5 -20 0 1 0.5 0.5 0.5
15 5 -17.5 0.5 1 0.5 0.5 0.5
15 0 -17.5 0.5 0 0.25 0.25 0.25

1 1
15 0 -17.5 0.5 0 0.25 0.25 0.25
15 0 -20 0 0 0.25 0.25 0.25
15 5 -20 0 1 0.5 0.5 0.5

2 1
15 10 -10 0 1 0.5 0.5 0.5
15 10 -12.5 0.5 1 0.5 0.5 0.5
15 5 -12.5 0.5 0 0.5 0.5 0.5

2 1
15 5 -12.5 0.5 0 0.5 0.5 0.5
15 5 -10 0 0 0.5 0.5 0.5
15 10 -10 0 1 0.5 0.5 0.5

2 1
15 10 -20 0 1 0.5 0.5 0.5
15 10 -17.5 0.5 1 0.5 0.5 0.5
15 5 -17.5 0.5 0 0.5 0.5 0.5

2 1
15 5 -17.5 0.5 0 0.5 0.5 0.5
15 5 -20 0 0 0.5 0.5 0.5
15 10 -20 0 1 0.5 0.5 0.5

2 1
15 10 -12.5 0.5 1 0.5 0.5 0.5
15 10 -17.5 1.5 1 0.5 0.5 0.5
15 8 -17.5 1.5 0.6 0.5 0.5 0.5

2 1
15 8 -17.5 1.5 0.6 0.5 0.5 0.5
15 8 -12.5 0.5 0.6 0.5 0.5 0.5
15 10 -12.5 0.5 1 0.5 0.5 0.5

4 1
15 8 -12.5 0 1 0.1 0.1 0.1
15 8 -17.5 2 1 0.1 0.1 0.1
15.5 8 -17.5 2 0 0.1 0.1 0.1

4 1
15.5 8 -17.5 2 0 0.1 0.1 0.1
15.5 8 -12.5 0 0 0.1 0.1 0.1
15 8 -12.5 0 1 0.1 0.1 0.1

4 1
15.5 0 -12.5 0 1 0.5 0.5 0.5
15.5 0 -17.5 2 1 0.5 0.5 0.5
15 0 -17.5 2 0 0.5 0.5 0.5

4 1
15 0 -17.5 2 0 0.5 0.5 0.5
15 0 -12.5 0 0 0.5 0.5 0.5
15.5 0 -12.5 0 1 0.5 0.5 0.5

4 1
15 0 -17.5 0 0.5 0.25 0.25 0.25
15 8 -17.5 4 0.5 0.25 0.25 0.25
15.5 8 -17.5 4 0 0.25 0.25 0.25

4 1
15.5 8 -17.5 4 0 0.25 0.25 0.25
15.5 0 -17.5 0 0 0.25 0.25 0.25
15 0 -17.5 0 0.5 0.25 0.25 0.25

4 1
15.5 8 -12.5 0 0.5 0.25 0.25 0.25
15.5 0 -12.5 4 0.5 0.25 0.25 0.25
15 0 -12.5 4 0 0.25 0.25 0.25

4 1
15 0 -12.5 4 0 0.25 0.25 0.25
15 8 -12.5 0 0 0.25 0.25 0.25
15.5 8 -12.5 0 0.5 0.25 0.25 0.25

2 1
10 10 25 0 1 0.5 0.5 0.5
15 10 25 1 1 0.5 0.5 0.5
15 5 25 1 0 0.5 0.5 0.5

2 1
15 5 25 1 0 0.5 0.5 0.5
10 5 25 0 0 0.5 0.5 0.5
10 10 25 0 1 0.5 0.5 0.5

2 1
-5 10 25 0 1 0.5 0.5 0.5
0 10 25 1 1 0.5 0.5 0.5
0 5 25 1 0 0.5 0.5 0.5

2 1
0 5 25 1 0 0.5 0.5 0.5
-5 5 25 0 0 0.5 0.5 0.5
-5 10 25 0 1 0.5 0.5 0.5

1 1
10 5 25 0 1 0.5 0.5 0.5
15 5 25 1 1 0.5 0.5 0.5
15 0 25 1 0 0.25 0.25 0.25

1 1
15 0 25 1 0 0.25 0.25 0.25
10 0 25 0 0 0.5 0.5 0.5
10 5 25 0 1 0.5 0.5 0.5

1 1
-5 5 25 0 1 0.5 0.5 0.5
0 5 25 1 1 0.5 0.5 0.5
0 0 25 1 0 0.5 0.5 0.5

1 1
0 0 25 1 0 0.5 0.5 0.5
-5 0 25 0 0 0.25 0.25 0.25
-5 5 25 0 1 0.5 0.5 0.5

99 1
0 10 24.5 0 1 0.1 0.1 0.1
10 10 24.5 1 1 0.1 0.1 0.1
10 10 25 1 0 0.1 0.1 0.1

99 1
10 10 25 1 0 0.1 0.1 0.1
0 10 25 0 0 0.1 0.1 0.1
0 10 24.5 0 1 0.1 0.1 0.1

4 1
10 0 -225.5 0 1 0.25 0.25 0.25
10 10 -225.5 6 1 0.25 0.25 0.25
10 10 -225 6 0 0.25 0.25 0.25

4 1
10 10 -225 6 0 0.25 0.25 0.25
10 0 -225 0 0 0.25 0.25 0.25
10 0 -225.5 0 1 0.25 0.25 0.25

4 1
0 0 -225.5 0 1 0.25 0.25 0.25
0 10 -225.5 6 1 0.25 0.25 0.25
0 10 -225 6 0 0.25 0.25 0.25

4 1
0 10 -225 6 0 0.25 0.25 0.25
0 0 -225 0 0 0.25 0.25 0.25
0 0 -225.5 0 1 0.25 0.25 0.25

4 1
10 0 24.5 0 1 0.25 0.25 0.25
10 10 24.5 6 1 0.25 0.25 0.25
10 10 25 6 0 0.25 0.25 0.25

4 1
10 10 25 6 0 0.25 0.25 0.25
10 0 25 0 0 0.25 0.25 0.25
10 0 24.5 0 1 0.25 0.25 0.25

4 1
0 0 24.5 0 1 0.25 0.25 0.25
0 10 24.5 6 1 0.25 0.25 0.25
0 10 25 6 0 0.25 0.25 0.25

4 1
0 10 25 6 0 0.25 0.25 0.25
0 0 25 0 0 0.25 0.25 0.25
0 0 24.5 0 1 0.25 0.25 0.25

4 1
-5 10.5 25 0 1 0.5 0.5 0.5
15 10.5 25 7 1 0.5 0.5 0.5
15 10 25 7 0 0.5 0.5 0.5

4 1
15 10 25 7 0 0.5 0.5 0.5
-5 10 25 0 0 0.5 0.5 0.5
-5 10.5 25 0 1 0.5 0.5 0.5

4 1
-5 10.5 -225 0 1 0.5 0.5 0.5
15 10.5 -225 7 1 0.5 0.5 0.5
15 10 -225 7 0 0.5 0.5 0.5

4 1
15 10 -225 7 0 0.5 0.5 0.5
-5 10 -225 0 0 0.5 0.5 0.5
-5 10.5 -225 0 1 0.5 0.5 0.5

0 1
0 0 25 0 1 0.5 0.5 0.5
10 0 25 2 1 0.5 0.5 0.5
10 0 30 2 0 0.5 0.5 0.5

0 1
10 0 30 2 0 0.5 0.5 0.5
0 0 30 0 0 0.5 0.5 0.5
0 0 25 0 1 0.5 0.5 0.5

0 1
-5 0 25 0 1 0.25 0.25 0.25
0 0 25 1 1 0.5 0.5 0.5
0 0 30 1 0 0.5 0.5 0.5

0 1
0 0 30 1 0 0.5 0.5 0.5
-5 0 30 0 0 0.25 0.25 0.25
-5 0 25 0 1 0.25 0.25 0.25

0 1
10 0 25 0 1 0.5 0.5 0.5
15 0 25 1 1 0.25 0.25 0.25
15 0 30 1 0 0.25 0.25 0.25

0 1
15 0 30 1 0 0.25 0.25 0.25
10 0 30 0 0 0.5 0.5 0.5
10 0 25 0 1 0.5 0.5 0.5

4 0.1
-6 9 -35 0 1 1 1 1
-6 9 -65 6 1 1 1 1
-6 6 -65 6 0 1 1 1

4 0.1
-6 6 -65 6 0 1 1 1
-6 6 -35 0 0 1 1 1
-6 9 -35 0 1 1 1 1

4 0.1
16 9 -65 0 1 1 1 1
16 9 -35 7 1 1 1 1
16 6 -35 7 0 1 1 1

4 0.1
16 6 -35 7 0 1 1 1
16 6 -65 0 0 1 1 1
16 9 -65 0 1 1 1 1

4 0.5
-5 15 -225.5 0 1 0.5 0.5 0.5
15 15 -225.5 5 1 0.5 0.5 0.5
15 10.5 -225.5 5 0 0.5 0.5 0.5

4 0.5
15 10.5 -225.5 5 0 0.5 0.5 0.5
-5 10.5 -225.5 0 0 0.5 0.5 0.5
-5 15 -225.5 0 1 0.5 0.5 0.5

99 0.35
-1.7 2.2 -196 0 1 1 1 1
-0.8 1.3 -196 1 1 1 1 1
3 4 -196 1 0 0 0 0

99 0.35
3 4 -196 1 0 0 0 0
1 7 -196 0 0 0 0 0
-1.7 2.2 -196 0 1 1 1 1

99 0.35
6 4 -196 0 1 0 0 0
8 7 -196 1 1 0 0 0
11.7 2.2 -196 1 0 1 1 1

99 0.35
11.7 2.2 -196 1 0 1 1 1
10.8 1.3 -196 0 0 1 1 1
6 4 -196 0 1 0 0 0

4 0.5
11.5 7 -176 0 1 0 0.5 0
11.5 7 -174 1 1 0 0.5 0
11.5 0.6 -174 1 0 0 0.5 0

4 0.5
11.5 0.6 -174 1 0 0 0.5 0
11.5 0.6 -176 0 0 0 0.5 0
11.5 7 -176 0 1 0 0.5 0

4 0.5
11.5 0.6 -174 0 1 0 0.4 0
12 0.6 -173.4 1 1 0 0.4 0
12 7 -173.4 1 0 0 0.4 0

4 0.5
12 7 -173.4 1 0 0 0.4 0
11.5 7 -174 0 0 0 0.4 0
11.5 0.6 -174 0 1 0 0.4 0

4 0.5
12 7 -173.4 0 1 0 0.3 0
14 7 -173.4 1 1 0 0.3 0
14 0.6 -173.4 1 0 0 0.3 0

4 0.5
14 0.6 -173.4 1 0 0 0.3 0
12 0.6 -173.4 0 0 0 0.3 0
12 7 -173.4 0 1 0 0.3 0

4 0.5
14 0.6 -173.4 0 1 0 0.25 0
14.5 0.6 -174 1 1 0 0.25 0
14.5 7 -174 1 0 0 0.25 0

4 0.5
14.5 7 -174 1 0 0 0.25 0
14 7 -173.4 0 0 0 0.25 0
14 0.6 -173.4 0 1 0 0.25 0

4 0.5
-4 7 -173.4 0 1 0 0.3 0
-2 7 -173.4 1 1 0 0.3 0
-2 0.6 -173.4 1 0 0 0.3 0

4 0.5
-2 0.6 -173.4 1 0 0 0.3 0
-4 0.6 -173.4 0 0 0 0.3 0
-4 7 -173.4 0 1 0 0.3 0

4 0.5
-1.5 7 -174 0 1 0 0.5 0
-1.5 7 -176 1 1 0 0.5 0
-1.5 0.6 -176 1 0 0 0.5 0

4 0.5
-1.5 0.6 -176 1 0 0 0.5 0
-1.5 0.6 -174 0 0 0 0.5 0
-1.5 7 -174 0 1 0 0.5 0

4 0.5
-2 0.6 -173.4 0 1 0 0.4 0
-1.5 0.6 -174 1 1 0 0.4 0
-1.5 7 -174 1 0 0 0.4 0

4 0.5
-1.5 7 -174 1 0 0 0.4 0
-2 7 -173.4 0 0 0 0.4 0
-2 0.6 -173.4 0 1 0 0.4 0

4 0.5
-4.5 7 -174 0 1 0 0.2 0
-4 7 -173.4 1 1 0 0.2 0
-4 0.6 -173.4 1 0 0 0.2 0

4 0.5
-4 0.6 -173.4 1 0 0 0.2 0
-4.5 0.6 -174 0 0 0 0.2 0
-4.5 7 -174 0 1 0 0.2 0

99 0.35
10.8 1.3 -151 0 1 1 1 1
11.7 2.2 -151 1 1 1 1 1
8 7 -151 1 0 0 0 0

99 0.35
8 7 -151 1 0 0 0 0
6 4 -151 0 0 0 0 0
10.8 1.3 -151 0 1 1 1 1

99 0.35
-1.7 2.2 -151 0 1 1 1 1
-0.8 1.3 -151 1 1 1 1 1
3 4 -151 1 0 0 0 0

99 0.35
3 4 -151 1 0 0 0 0
1 7 -151 0 0 0 0 0
-1.7 2.2 -151 0 1 1 1 1

99 0.35
-1.7 2.2 -106 0 1 1 1 1
-0.8 1.3 -106 1 1 1 1 1
3 4 -106 1 0 0 0 0

99 0.35
3 4 -106 1 0 0 0 0
1 7 -106 0 0 0 0 0
-1.7 2.2 -106 0 1 1 1 1

99 0.35
10.8 1.3 -106 0 1 1 1 1
11.7 2.2 -106 1 1 1 1 1
8 7 -106 1 0 0 0 0

99 0.35
8 7 -106 1 0 0 0 0
6 4 -106 0 0 0 0 0
10.8 1.3 -106 0 1 1 1 1

99 0.35
10.8 1.3 -61 0 1 1 1 1
11.7 2.2 -61 1 1 1 1 1
8 7 -61 1 0 0 0 0

99 0.35
8 7 -61 1 0 0 0 0
6 4 -61 0 0 0 0 0
10.8 1.3 -61 0 1 1 1 1

99 0.35
10.8 1.3 -36 0 1 1 1 1
11.7 2.2 -36 1 1 1 1 1
8 7 -36 1 0 0 0 0

99 0.35
8 7 -36 1 0 0 0 0
6 4 -36 0 0 0 0 0
10.8 1.3 -36 0 1 1 1 1

99 0.35
-1.7 2.2 -61 0 1 1 1 1
-0.8 1.3 -61 1 1 1 1 1
3 4 -61 1 0 0 0 0

99 0.35
3 4 -61 1 0 0 0 0
1 7 -61 0 0 0 0 0
-1.7 2.2 -61 0 1 1 1 1

99 0.35
6 4 9 0 1 0 0 0
8 7 9 1 1 0 0 0
11.7 2.2 9 1 0 1 1 1

99 0.35
11.7 2.2 9 1 0 1 1 1
10.8 1.3 9 0 0 1 1 1
6 4 9 0 1 0 0 0

99 0.35
-1.7 2.2 -36 0 1 1 1 1
-0.8 1.3 -36 1 1 1 1 1
3 4 -36 1 0 0 0 0

99 0.35
3 4 -36 1 0 0 0 0
1 7 -36 0 0 0 0 0
-1.7 2.2 -36 0 1 1 1 1

99 0.35
-1.7 2.2 9 0 1 1 1 1
-0.8 1.3 9 1 1 1 1 1
3 4 9 1 0 0 0 0

99 0.35
3 4 9 1 0 0 0 0
1 7 9 0 0 0 0 0
-1.7 2.2 9 0 1 1 1 1
